   Rotamer making statitics:
   Residue   Start  Clean   Swap Rotate   Self  Hbond Repack  Ioni.   TorH     OH  Elect
   NTRA0008      1      1      1      1      1      1      1      2      4      4      4
   TYRA0008      1      1      1      1      1      1      1      2      3      7      7
   LYSA0009      1      1      1      1      1      1      1      2      4      4      4
   LYSA0010      1      1      1      1      1      1      1      2      4      4      4
   PROA0011      1      1      1      1      1      1      1      1      1      1      1
   LYSA0012      1      1      1      1      1      1      1      2      4      4      4
   LEUA0013      1      1      1      1      1      1      1      1      1      1      1
   LEUA0014      1      1      1      1      1      1      1      1      1      1      1
   TYRA0015      1      1      1      1      1      1      1      2      3      7      7
   CYSA0016      1      1      1      1      1      1      1      2      4      5      5
   SERA0017      1      1      1      1      1      1      1      1      3      6      6
   ASNA0018      1      1      1      1      1      1      1      1      1      1      1
   GLYA0019      0      0      0      0      0      0      0      0      0      0      0
   GLYA0020      0      0      0      0      0      0      0      0      0      0      0
   HISA0021      1      1      1      1      1      1      1      3      3      3      3
   PHEA0022      1      1      1      1      1      1      1      1      1      1      1
   LEUA0023      1      1      1      1      1      1      1      1      1      1      1
   ARGA0024      1      1      1      1      1      1      1      4      6      6      6
   ILEA0025      1      1      1      1      1      1      1      1      1      1      1
   LEUA0026      1      1      1      1      1      1      1      1      1      1      1
   PROA0027      1      1      1      1      1      1      1      1      1      1      1
   ASPA0028      1      1      1      1      1      1      1      3      5      7      7
   GLYA0029      0      0      0      0      0      0      0      0      0      0      0
   THRA0030      1      1      2      2      2      2      2      2      6     11      6
   VALA0031      1      1      1      1      1      1      1      1      1      1      1
   ASPA0032      1      1      1      1      1      1      1      3      5      9      9
   GLYA0033      0      0      0      0      0      0      0      0      0      0      0
   THRA0034      1      1      2      2      1      1      1      1      3      5      5
   ARGA0035      1      1      1      1      1      1      1      4      6      6      6
   ASPA0036      1      1      1      1      1      1      1      3      5     18     18
   ARGA0037      1      1      1      1      1      1      1      4      6      6      6
   SERA0038      1      1      1      1      1      1      1      1      3      6      6
   ASPA0039      1      1      1      1      1      1      1      3      5     12     12
   GLNA0040      1      1      1      1      1      1      1      1      1      1      1
   HISA0041      1      1      1      1      1      1      1      3      3      3      3
   ILEA0042      1      1      1      1      1      1      1      1      1      1      1
   GLNA0043      1      1      1      1      1      1      1      1      1      1      1
   LEUA0044      1      1      1      1      1      1      1      1      1      1      1
   GLNA0045      1      1      1      1      1      1      1      1      1      1      1
   LEUA0046      1      1      1      1      1      1      1      1      1      1      1
   SERA0047      1      1      1      1      1      1      1      1      3     10     10
   ALAA0048      1      1      1      1      1      1      1      1      1      1      1
   GLUA0049      1      1      1      1      1      1      1      3      5     10     10
   SERA0050      1      1      1      1      1      1      1      1      3     10     10
   VALA0051      1      1      1      1      1      1      1      1      1      1      1
   GLYA0052      0      0      0      0      0      0      0      0      0      0      0
   GLUA0053      1      1      1      1      1      1      1      3      5     11     11
   VALA0054      1      1      1      1      1      1      1      1      1      1      1
   TYRA0055      1      1      1      1      1      1      1      2      3      7      7
   ILEA0056      1      1      1      1      1      1      1      1      1      1      1
   LYSA0057      1      1      1      1      1      1      1      2      4      4      4
   SERA0058      1      1      1      1      1      1      1      1      3      5      5
   THRA0059      1      1      2      2      2      2      1      1      3      5      5
   GLUA0060      1      1      1      1      1      1      1      3      5      7      7
   THRA0061      1      1      2      2      2      2      1      1      3      6      6
   GLYA0062      0      0      0      0      0      0      0      0      0      0      0
   GLNA0063      1      1      1      1      1      1      1      1      1      1      1
   TYRA0064      1      1      1      1      1      1      1      2      3      6      6
   LEUA0065      1      1      1      1      1      1      1      1      1      1      1
   ALAA0066      1      1      1      1      1      1      1      1      1      1      1
   META0067      1      1      1      1      1      1      1      1      1      1      1
   ASPA0068      1      1      1      1      1      1      1      3      5     11     11
   THRA0069      1      1      2      2      2      2      1      1      3      6      6
   ASPA0070      1      1      1      1      1      1      1      3      5     11     11
   GLYA0071      0      0      0      0      0      0      0      0      0      0      0
   LEUA0072      1      1      1      1      1      1      1      1      1      1      1
   LEUA0073      1      1      1      1      1      1      1      1      1      1      1
   TYRA0074      1      1      1      1      1      1      1      2      3      7      7
   GLYA0075      0      0      0      0      0      0      0      0      0      0      0
   SERA0076      1      1      1      1      1      1      1      1      3      5      5
   GLNA0077      1      1      1      1      1      1      1      1      1      1      1
   THRA0078      1      1      2      2      2      2      1      1      3      4      4
   PROA0079      1      1      1      1      1      1      1      1      1      1      1
   ASNA0080      1      1      1      1      1      1      1      1      1      1      1
   GLUA0081      1      1      1      1      1      1      1      3      5     29     29
   GLUA0082      1      1      1      1      1      1      1      3      5     18     18
   CYSA0083      1      1      1      1      1      1      1      2      4      6      6
   LEUA0084      1      1      1      1      1      1      1      1      1      1      1
   PHEA0085      1      1      1      1      1      1      1      1      1      1      1
   LEUA0086      1      1      1      1      1      1      1      1      1      1      1
   GLUA0087      1      1      1      1      1      1      1      3      5     14     14
   ARGA0088      1      1      1      1      1      1      1      4      6     12     12
   LEUA0089      1      1      1      1      1      1      1      1      1      1      1
   GLUA0090      1      1      1      1      1      1      1      3      5     22     22
   GLUA0091      1      1      1      1      1      1      1      3      5     10     10
   ASNA0092      1      1      1      1      1      1      1      1      1      1      1
   HISA0093      1      1      1      1      1      1      1      3      3      3      3
   TYRA0094      1      1      1      1      1      1      1      2      3      6      6
   ASNA0095      1      1      1      1      1      1      1      1      1      2      2
   THRA0096      1      1      2      2      2      2      1      1      3      6      6
   TYRA0097      1      1      1      1      1      1      1      2      3      5      5
   ILEA0098      1      1      1      1      1      1      1      1      1      1      1
   SERA0099      1      1      1      1      1      1      1      1      3     12     12
   LYSA0100      1      1      1      1      1      1      1      2      4      4      4
   LYSA0101      1      1      1      1      1      1      1      2      4      4      4
   HISA0102      1      1      1      1      1      1      1      3      3      3      3
   ALAA0103      1      1      1      1      1      1      1      1      1      1      1
   GLUA0104      1      1      1      1      1      1      1      3      5     15     15
   LYSA0105      1      1      1      1      1      1      1      2      4      8      8
   ASNA0106      1      1      1      1      1      1      1      1      1      2      2
   TRPA0107      1      1      1      1      1      1      1      1      1      1      1
   PHEA0108      1      1      1      1      1      1      1      1      1      1      1
   VALA0109      1      1      1      1      1      1      1      1      1      1      1
   GLYA0110      0      0      0      0      0      0      0      0      0      0      0
   LEUA0111      1      1      1      1      1      1      1      1      1      1      1
   LYSA0112      1      1      1      1      1      1      1      2      4      4      4
   LYSA0113      1      1      1      1      1      1      1      2      4      4      4
   ASNA0114      1      1      1      1      1      1      1      1      1      1      1
   GLYA0115      0      0      0      0      0      0      0      0      0      0      0
   SERA0116      1      1      1      1      1      1      1      1      3      5      5
   CYSA0117      1      1      1      1      1      1      1      2      4     12     12
   LYSA0118      1      1      1      1      1      1      1      2      4      4      4
   ARGA0119      1      1      1      1      1      1      1      4      6     12     12
   GLYA0120      0      0      0      0      0      0      0      0      0      0      0
   PROA0121      1      1      1      1      1      1      1      1      1      1      1
   ARGA0122      1      1      1      1      1      1      1      4      6      7      7
   THRA0123      1      1      2      2      2      2      1      1      3      3      3
   HISA0124      1      1      1      1      1      1      1      3      3      5      5
   TYRA0125      1      1      1      1      1      1      1      2      3      7      7
   GLYA0126      0      0      0      0      0      0      0      0      0      0      0
   GLNA0127      1      1      1      1      1      1      1      1      1      1      1
   LYSA0128      1      1      1      1      1      1      1      2      4      4      4
   ALAA0129      1      1      1      1      1      1      1      1      1      1      1
   ILEA0130      1      1      1      1      1      1      1      1      1      1      1
   LEUA0131      1      1      1      1      1      1      1      1      1      1      1
   PHEA0132      1      1      1      1      1      1      1      1      1      1      1
   LEUA0133      1      1      1      1      1      1      1      1      1      1      1
   PROA0134      1      1      1      1      1      1      1      1      1      1      1
   LEUA0135      1      1      1      1      1      1      1      1      1      1      1
   PROA0136      1      1      1      1      1      1      1      1      1      1      1
   VALA0137      1      1      1      1      1      1      1      1      1      1      1
   SERA0138      1      1      1      1      1      1      1      1      3      5      5
   CTRA0138      1      1      1      1      1      1      1      3      5     13     13
   NTRB0008      1      1      1      1      1      1      1      2      4      4      4
   TYRB0008      1      1      1      1      1      1      1      2      3      7      7
   LYSB0009      1      1      1      1      1      1      1      2      4      4      4
   LYSB0010      1      1      1      1      1      1      1      2      4      4      4
   PROB0011      1      1      1      1      1      1      1      1      1      1      1
   LYSB0012      1      1      1      1      1      1      1      2      4      8      8
   LEUB0013      1      1      1      1      1      1      1      1      1      1      1
   LEUB0014      1      1      1      1      1      1      1      1      1      1      1
   TYRB0015      1      1      1      1      1      1      1      2      3      7      7
   CYSB0016      1      1      1      1      1      1      1      2      4      6      6
   SERB0017      1      1      1      1      1      1      1      1      3      6      6
   ASNB0018      1      1      1      1      1      1      1      1      1      1      1
   GLYB0019      0      0      0      0      0      0      0      0      0      0      0
   GLYB0020      0      0      0      0      0      0      0      0      0      0      0
   HISB0021      1      1      1      1      1      1      1      3      3      3      3
   PHEB0022      1      1      1      1      1      1      1      1      1      1      1
   LEUB0023      1      1      1      1      1      1      1      1      1      1      1
   ARGB0024      1      1      1      1      1      1      1      4      6      6      6
   ILEB0025      1      1      1      1      1      1      1      1      1      1      1
   LEUB0026      1      1      1      1      1      1      1      1      1      1      1
   PROB0027      1      1      1      1      1      1      1      1      1      1      1
   ASPB0028      1      1      1      1      1      1      1      3      5      8      8
   GLYB0029      0      0      0      0      0      0      0      0      0      0      0
   THRB0030      1      1      2      2      2      2      2      2      6     11      6
   VALB0031      1      1      1      1      1      1      1      1      1      1      1
   ASPB0032      1      1      1      1      1      1      1      3      5     23     23
   GLYB0033      0      0      0      0      0      0      0      0      0      0      0
   THRB0034      1      1      2      2      1      1      1      1      3      5      5
   ARGB0035      1      1      1      1      1      1      1      4      6      6      6
   ASPB0036      1      1      1      1      1      1      1      3      5     21     21
   ARGB0037      1      1      1      1      1      1      1      4      6      6      6
   SERB0038      1      1      1      1      1      1      1      1      3     12     12
   ASPB0039      1      1      1      1      1      1      1      3      5     12     12
   GLNB0040      1      1      1      1      1      1      1      1      1      1      1
   HISB0041      1      1      1      1      1      1      1      3      3      3      3
   ILEB0042      1      1      1      1      1      1      1      1      1      2      2
   GLNB0043      1      1      1      1      1      1      1      1      1      1      1
   LEUB0044      1      1      1      1      1      1      1      1      1      1      1
   GLNB0045      1      1      1      1      1      1      1      1      1      1      1
   LEUB0046      1      1      1      1      1      1      1      1      1      1      1
   SERB0047      1      1      1      1      1      1      1      1      3     10     10
   ALAB0048      1      1      1      1      1      1      1      1      1      1      1
   GLUB0049      1      1      1      1      1      1      1      3      5     11     11
   SERB0050      1      1      1      1      1      1      1      1      3      5      5
   VALB0051      1      1      1      1      1      1      1      1      1      1      1
   GLYB0052      0      0      0      0      0      0      0      0      0      0      0
   GLUB0053      1      1      1      1      1      1      1      3      5      9      9
   VALB0054      1      1      1      1      1      1      1      1      1      1      1
   TYRB0055      1      1      1      1      1      1      1      2      3      7      7
   ILEB0056      1      1      1      1      1      1      1      1      1      1      1
   LYSB0057      1      1      1      1      1      1      1      2      4      4      4
   SERB0058      1      1      1      1      1      1      1      1      3      4      4
   THRB0059      1      1      2      2      2      2      1      1      3      5      5
   GLUB0060      1      1      1      1      1      1      1      3      5      7      7
   THRB0061      1      1      2      2      2      2      1      1      3      6      6
   GLYB0062      0      0      0      0      0      0      0      0      0      0      0
   GLNB0063      1      1      1      1      1      1      1      1      1      1      1
   TYRB0064      1      1      1      1      1      1      1      2      3      6      6
   LEUB0065      1      1      1      1      1      1      1      1      1      1      1
   ALAB0066      1      1      1      1      1      1      1      1      1      1      1
   METB0067      1      1      1      1      1      1      1      1      1      1      1
   ASPB0068      1      1      1      1      1      1      1      3      5     28     28
   THRB0069      1      1      2      2      2      2      1      1      3      6      6
   ASPB0070      1      1      1      1      1      1      1      3      5     11     11
   GLYB0071      0      0      0      0      0      0      0      0      0      0      0
   LEUB0072      1      1      1      1      1      1      1      1      1      1      1
   LEUB0073      1      1      1      1      1      1      1      1      1      1      1
   TYRB0074      1      1      1      1      1      1      1      2      3      7      7
   GLYB0075      0      0      0      0      0      0      0      0      0      0      0
   SERB0076      1      1      1      1      1      1      1      1      3      5      5
   GLNB0077      1      1      1      1      1      1      1      1      1      1      1
   THRB0078      1      1      2      2      2      2      1      1      3      4      4
   PROB0079      1      1      1      1      1      1      1      1      1      1      1
   ASNB0080      1      1      1      1      1      1      1      1      1      2      2
   GLUB0081      1      1      1      1      1      1      1      3      5     30     30
   GLUB0082      1      1      1      1      1      1      1      3      5     24     24
   CYSB0083      1      1      1      1      1      1      1      2      4      7      7
   LEUB0084      1      1      1      1      1      1      1      1      1      1      1
   PHEB0085      1      1      1      1      1      1      1      1      1      1      1
   LEUB0086      1      1      1      1      1      1      1      1      1      1      1
   GLUB0087      1      1      1      1      1      1      1      3      5      8      8
   ARGB0088      1      1      1      1      1      1      1      4      6      7      7
   LEUB0089      1      1      1      1      1      1      1      1      1      1      1
   GLUB0090      1      1      1      1      1      1      1      3      5     12     12
   GLUB0091      1      1      1      1      1      1      1      3      5      9      9
   ASNB0092      1      1      1      1      1      1      1      1      1      1      1
   HISB0093      1      1      1      1      1      1      1      3      3      3      3
   TYRB0094      1      1      1      1      1      1      1      2      3      6      6
   ASNB0095      1      1      1      1      1      1      1      1      1      1      1
   THRB0096      1      1      2      2      2      2      1      1      3      6      6
   TYRB0097      1      1      1      1      1      1      1      2      3      5      5
   ILEB0098      1      1      1      1      1      1      1      1      1      1      1
   SERB0099      1      1      1      1      1      1      1      1      3      7      7
   LYSB0100      1      1      1      1      1      1      1      2      4      4      4
   LYSB0101      1      1      1      1      1      1      1      2      4      4      4
   HISB0102      1      1      1      1      1      1      1      3      3      3      3
   ALAB0103      1      1      1      1      1      1      1      1      1      1      1
   GLUB0104      1      1      1      1      1      1      1      3      5     12     12
   LYSB0105      1      1      1      1      1      1      1      2      4      4      4
   ASNB0106      1      1      1      1      1      1      1      1      1      2      2
   TRPB0107      1      1      1      1      1      1      1      1      1      1      1
   PHEB0108      1      1      1      1      1      1      1      1      1      1      1
   VALB0109      1      1      1      1      1      1      1      1      1      1      1
   GLYB0110      0      0      0      0      0      0      0      0      0      0      0
   LEUB0111      1      1      1      1      1      1      1      1      1      1      1
   LYSB0112      1      1      1      1      1      1      1      2      4      4      4
   LYSB0113      1      1      1      1      1      1      1      2      4      4      4
   ASNB0114      1      1      1      1      1      1      1      1      1      1      1
   GLYB0115      0      0      0      0      0      0      0      0      0      0      0
   SERB0116      1      1      1      1      1      1      1      1      3      5      5
   CYSB0117      1      1      1      1      1      1      1      2      4      6      6
   LYSB0118      1      1      1      1      1      1      1      2      4      4      4
   ARGB0119      1      1      1      1      1      1      1      4      6     12     12
   GLYB0120      0      0      0      0      0      0      0      0      0      0      0
   PROB0121      1      1      1      1      1      1      1      1      1      1      1
   ARGB0122      1      1      1      1      1      1      1      4      6     12     12
   THRB0123      1      1      2      2      2      2      1      1      3      3      3
   HISB0124      1      1      1      1      1      1      1      3      3      3      3
   TYRB0125      1      1      1      1      1      1      1      2      3      7      7
   GLYB0126      0      0      0      0      0      0      0      0      0      0      0
   GLNB0127      1      1      1      1      1      1      1      1      1      1      1
   LYSB0128      1      1      1      1      1      1      1      2      4      8      8
   ALAB0129      1      1      1      1      1      1      1      1      1      1      1
   ILEB0130      1      1      1      1      1      1      1      1      1      1      1
   LEUB0131      1      1      1      1      1      1      1      1      1      1      1
   PHEB0132      1      1      1      1      1      1      1      1      1      1      1
   LEUB0133      1      1      1      1      1      1      1      1      1      1      1
   PROB0134      1      1      1      1      1      1      1      1      1      1      1
   LEUB0135      1      1      1      1      1      1      1      1      1      1      1
   PROB0136      1      1      1      1      1      1      1      1      1      1      1
   VALB0137      1      1      1      1      1      1      1      1      1      1      1
   SERB0138      1      1      1      1      1      1      1      1      3      5      5
   CTRB0138      1      1      1      1      1      1      1      3      5     11     11
   NTRC0147      1      1      1      1      1      1      1      2      4      4      4
   ASNC0147      1      1      1      1      1      1      1      1      1      1      1
   ARGC0148      1      1      1      1      1      1      1      4      6      6      6
   METC0149      1      1      1      1      1      1      1      1      1      1      1
   PROC0150      1      1      1      1      1      1      1      1      1      1      1
   VALC0151      1      1      1      1      1      1      1      1      1      1      1
   ALAC0152      1      1      1      1      1      1      1      1      1      1      1
   PROC0153      1      1      1      1      1      1      1      1      1      1      1
   TYRC0154      1      1      1      1      1      1      1      2      3      5      5
   TRPC0155      1      1      1      1      1      1      1      1      1      1      1
   THRC0156      1      1      2      2      2      2      2      2      6      8      4
   SERC0157      1      1      1      1      1      1      1      1      3      5      5
   PROC0158      1      1      1      1      1      1      1      1      1      1      1
   GLUC0159      1      1      1      1      1      1      1      3      5      6      6
   LYSC0160      1      1      1      1      1      1      1      2      4      4      4
   METC0161      1      1      1      1      1      1      1      1      1      1      1
   GLUC0162      1      1      1      1      1      1      1      3      5      9      9
   LYSC0163      1      1      1      1      1      1      1      2      4      4      4
   LYSC0164      1      1      1      1      1      1      1      2      4      4      4
   LEUC0165      1      1      1      1      1      1      1      1      1      1      1
   HISC0166      1      1      1      1      1      1      1      3      3      3      3
   ALAC0167      1      1      1      1      1      1      1      1      1      1      1
   VALC0168      1      1      1      1      1      1      1      1      1      1      1
   PROC0169      1      1      1      1      1      1      1      1      1      1      1
   ALAC0170      1      1      1      1      1      1      1      1      1      1      1
   ALAC0171      1      1      1      1      1      1      1      1      1      1      1
   LYSC0172      1      1      1      1      1      1      1      2      4      4      4
   THRC0173      1      1      2      2      2      2      2      2      6     10      5
   VALC0174      1      1      1      1      1      1      1      1      1      1      1
   LYSC0175      1      1      1      1      1      1      1      2      4      4      4
   PHEC0176      1      1      1      1      1      1      1      1      1      1      1
   LYSC0177      1      1      1      1      1      1      1      2      4      4      4
   CYDC0178      1      1      1      1      1      1      1      1      1      1      1
   PROC0179      1      1      1      1      1      1      1      1      1      1      1
   SERC0180      1      1      1      1      1      1      1      1      3      3      3
   SERC0181      1      1      1      1      1      1      1      1      3      5      5
   GLYC0182      0      0      0      0      0      0      0      0      0      0      0
   THRC0183      1      1      2      2      1      1      1      1      3      3      3
   PROC0184      1      1      1      1      1      1      1      1      1      1      1
   ASNC0185      1      1      1      1      1      1      1      1      1      1      1
   PROC0186      1      1      1      1      1      1      1      1      1      1      1
   THRC0187      1      1      2      2      2      2      2      2      6      7      3
   LEUC0188      1      1      1      1      1      1      1      1      1      1      1
   ARGC0189      1      1      1      1      1      1      1      4      6      6      6
   TRPC0190      1      1      1      1      1      1      1      1      1      1      1
   LEUC0191      1      1      1      1      1      1      1      1      1      1      1
   LYSC0192      1      1      1      1      1      1      1      2      4      4      4
   ASNC0193      1      1      1      1      1      1      1      1      1      1      1
   GLYC0194      0      0      0      0      0      0      0      0      0      0      0
   LYSC0195      1      1      1      1      1      1      1      2      4      4      4
   GLUC0196      1      1      1      1      1      1      1      3      5      7      7
   PHEC0197      1      1      1      1      1      1      1      1      1      1      1
   LYSC0198      1      1      1      1      1      1      1      2      4      4      4
   PROC0199      1      1      1      1      1      1      1      1      1      1      1
   ASPC0200      1      1      1      1      1      1      1      3      5      7      7
   HISC0201      1      1      1      1      1      1      1      3      3      3      3
   ARGC0202      1      1      1      1      1      1      1      4      6     10     10
   ILEC0203      1      1      1      1      1      1      1      1      1      1      1
   GLYC0204      0      0      0      0      0      0      0      0      0      0      0
   GLYC0205      0      0      0      0      0      0      0      0      0      0      0
   TYRC0206      1      1      1      1      1      1      1      2      3      5      5
   LYSC0207      1      1      1      1      1      1      1      2      4      4      4
   VALC0208      1      1      1      1      1      1      1      1      1      1      1
   ARGC0209      1      1      1      1      1      1      1      4      6      6      6
   TYRC0210      1      1      1      1      1      1      1      2      3      3      3
   ALAC0211      1      1      1      1      1      1      1      1      1      1      1
   THRC0212      1      1      2      2      2      2      1      1      3      3      3
   TRPC0213      1      1      1      1      1      1      1      1      1      1      1
   SERC0214      1      1      1      1      1      1      1      1      3      3      3
   ILEC0215      1      1      1      1      1      1      1      1      1      1      1
   ILEC0216      1      1      1      1      1      1      1      1      1      1      1
   METC0217      1      1      1      1      1      1      1      1      1      1      1
   ASPC0218      1      1      1      1      1      1      1      3      5     19     19
   SERC0219      1      1      1      1      1      1      1      1      3      3      3
   VALC0220      1      1      1      1      1      1      1      1      1      1      1
   VALC0221      1      1      1      1      1      1      1      1      1      1      1
   PROC0222      1      1      1      1      1      1      1      1      1      1      1
   SERC0223      1      1      1      1      1      1      1      1      3      5      5
   ASPC0224      1      1      1      1      1      1      1      3      5     23     23
   LYSC0225      1      1      1      1      1      1      1      2      4      4      4
   GLYC0226      0      0      0      0      0      0      0      0      0      0      0
   ASNC0227      1      1      1      1      1      1      1      1      1      1      1
   TYRC0228      1      1      1      1      1      1      1      2      3      6      6
   THRC0229      1      1      2      2      2      2      1      1      3      5      5
   CYDC0230      1      1      1      1      1      1      1      1      1      1      1
   ILEC0231      1      1      1      1      1      1      1      1      1      1      1
   VALC0232      1      1      1      1      1      1      1      1      1      1      1
   GLUC0233      1      1      1      1      1      1      1      3      5      6      6
   ASNC0234      1      1      1      1      1      1      1      1      1      1      1
   GLUC0235      1      1      1      1      1      1      1      3      5      6      6
   TYRC0236      1      1      1      1      1      1      1      2      3      5      5
   GLYC0237      0      0      0      0      0      0      0      0      0      0      0
   SERC0238      1      1      1      1      1      1      1      1      3      4      4
   ILEC0239      1      1      1      1      1      1      1      1      1      1      1
   ASNC0240      1      1      1      1      1      1      1      1      1      1      1
   HISC0241      1      1      1      1      1      1      1      3      3      3      3
   THRC0242      1      1      2      2      2      2      1      1      3      5      5
   TYRC0243      1      1      1      1      1      1      1      2      3      6      6
   GLNC0244      1      1      1      1      1      1      1      1      1      1      1
   LEUC0245      1      1      1      1      1      1      1      1      1      1      1
   ASPC0246      1      1      1      1      1      1      1      3      5     11     11
   VALC0247      1      1      1      1      1      1      1      1      1      1      1
   VALC0248      1      1      1      1      1      1      1      1      1      1      1
   GLUC0249      1      1      1      1      1      1      1      3      5      8      8
   ARGC0250      1      1      1      1      1      1      1      4      6      6      6
   SERC0251      1      1      1      1      1      1      1      1      3      5      5
   PROC0252      1      1      1      1      1      1      1      1      1      1      1
   HISC0253      1      1      1      1      1      1      1      3      3      3      3
   ARGC0254      1      1      1      1      1      1      1      4      6      6      6
   PROC0255      1      1      1      1      1      1      1      1      1      1      1
   ILEC0256      1      1      1      1      1      1      1      1      1      1      1
   LEUC0257      1      1      1      1      1      1      1      1      1      1      1
   GLNC0258      1      1      1      1      1      1      1      1      1      1      1
   ALAC0259      1      1      1      1      1      1      1      1      1      1      1
   GLYC0260      0      0      0      0      0      0      0      0      0      0      0
   LEUC0261      1      1      1      1      1      1      1      1      1      1      1
   PROC0262      1      1      1      1      1      1      1      1      1      1      1
   ALAC0263      1      1      1      1      1      1      1      1      1      1      1
   ASNC0264      1      1      1      1      1      1      1      1      1      1      1
   LYSC0265      1      1      1      1      1      1      1      2      4      4      4
   THRC0266      1      1      2      2      2      2      2      2      6      6      3
   VALC0267      1      1      1      1      1      1      1      1      1      1      1
   ALAC0268      1      1      1      1      1      1      1      1      1      1      1
   LEUC0269      1      1      1      1      1      1      1      1      1      1      1
   GLYC0270      0      0      0      0      0      0      0      0      0      0      0
   SERC0271      1      1      1      1      1      1      1      1      3      3      3
   ASNC0272      1      1      1      1      1      1      1      1      1      1      1
   VALC0273      1      1      1      1      1      1      1      1      1      1      1
   GLUC0274      1      1      1      1      1      1      1      3      5      6      6
   PHEC0275      1      1      1      1      1      1      1      1      1      1      1
   METC0276      1      1      1      1      1      1      1      1      1      2      2
   CYDC0277      1      1      1      1      1      1      1      1      1      1      1
   LYSC0278      1      1      1      1      1      1      1      2      4      4      4
   VALC0279      1      1      1      1      1      1      1      1      1      1      1
   TYRC0280      1      1      1      1      1      1      1      2      3      7      7
   SERC0281      1      1      1      1      1      1      1      1      3      5      5
   ASPC0282      1      1      1      1      1      1      1      3      5     13     13
   PROC0283      1      1      1      1      1      1      1      1      1      1      1
   GLNC0284      1      1      1      1      1      1      1      1      1      2      2
   PROC0285      1      1      1      1      1      1      1      1      1      1      1
   HISC0286      1      1      1      1      1      1      1      3      3      3      3
   ILEC0287      1      1      1      1      1      1      1      1      1      1      1
   GLNC0288      1      1      1      1      1      1      1      1      1      2      2
   TRPC0289      1      1      1      1      1      1      1      1      1      1      1
   LEUC0290      1      1      1      1      1      1      1      1      1      1      1
   LYSC0291      1      1      1      1      1      1      1      2      4      4      4
   HISC0292      1      1      1      1      1      1      1      3      3      3      3
   ILEC0293      1      1      1      1      1      1      1      1      1      1      1
   CTRC0293      1      1      1      1      1      1      1      3      5      6      6
   NTRC0304      1      1      1      1      1      1      1      2      4      4      4
   ASNC0304      1      1      1      1      1      1      1      1      1      1      1
   LEUC0305      1      1      1      1      1      1      1      1      1      1      1
   PROC0306      1      1      1      1      1      1      1      1      1      1      1
   TYRC0307      1      1      1      1      1      1      1      2      3      4      4
   VALC0308      1      1      1      1      1      1      1      1      1      1      1
   GLNC0309      1      1      1      1      1      1      1      1      1      1      1
   ILEC0310      1      1      1      1      1      1      1      1      1      1      1
   LEUC0311      1      1      1      1      1      1      1      1      1      1      1
   CTRC0311      1      1      1      1      1      1      1      3      5      5      5
   NTRC0324      1      1      1      1      1      1      1      2      4      4      4
   GLUC0324      1      1      1      1      1      1      1      3      5     11     11
   VALC0325      1      1      1      1      1      1      1      1      1      2      2
   LEUC0326      1      1      1      1      1      1      1      1      1      1      1
   HISC0327      1      1      1      1      1      1      1      3      3      3      3
   LEUC0328      1      1      1      1      1      1      1      1      1      1      1
   ARGC0329      1      1      1      1      1      1      1      4      6      6      6
   ASNC0330      1      1      1      1      1      1      1      1      1      1      1
   VALC0331      1      1      1      1      1      1      1      1      1      1      1
   SERC0332      1      1      1      1      1      1      1      1      3      4      4
   PHEC0333      1      1      1      1      1      1      1      1      1      1      1
   GLUC0334      1      1      1      1      1      1      1      3      5      8      8
   ASPC0335      1      1      1      1      1      1      1      3      5     21     21
   ALAC0336      1      1      1      1      1      1      1      1      1      1      1
   GLYC0337      0      0      0      0      0      0      0      0      0      0      0
   GLUC0338      1      1      1      1      1      1      1      3      5     10     10
   TYRC0339      1      1      1      1      1      1      1      2      3      4      4
   THRC0340      1      1      2      2      2      2      1      1      3      5      5
   CYDC0341      1      1      1      1      1      1      1      1      1      1      1
   LEUC0342      1      1      1      1      1      1      1      1      1      1      1
   ALAC0343      1      1      1      1      1      1      1      1      1      1      1
   GLYC0344      0      0      0      0      0      0      0      0      0      0      0
   ASNC0345      1      1      1      1      1      1      1      1      1      1      1
   SERC0346      1      1      1      1      1      1      1      1      3     10     10
   ILEC0347      1      1      1      1      1      1      1      1      1      1      1
   GLYC0348      0      0      0      0      0      0      0      0      0      0      0
   LEUC0349      1      1      1      1      1      1      1      1      1      1      1
   SERC0350      1      1      1      1      1      1      1      1      3      9      9
   HISC0351      1      1      1      1      1      1      1      3      3      3      3
   HISC0352      1      1      1      1      1      1      1      3      3      3      3
   SERC0353      1      1      1      1      1      1      1      1      3      5      5
   ALAC0354      1      1      1      1      1      1      1      1      1      1      1
   TRPC0355      1      1      1      1      1      1      1      1      1      1      1
   LEUC0356      1      1      1      1      1      1      1      1      1      1      1
   THRC0357      1      1      2      2      2      2      1      1      3      3      3
   VALC0358      1      1      1      1      1      1      1      1      1      1      1
   LEUC0359      1      1      1      1      1      1      1      1      1      1      1
   CTRC0359      1      1      1      1      1      1      1      3      5      5      5
   NTRD0147      1      1      1      1      1      1      1      2      4      4      4
   ASND0147      1      1      1      1      1      1      1      1      1      1      1
   ARGD0148      1      1      1      1      1      1      1      4      6      6      6
   METD0149      1      1      1      1      1      1      1      1      1      1      1
   PROD0150      1      1      1      1      1      1      1      1      1      1      1
   VALD0151      1      1      1      1      1      1      1      1      1      1      1
   ALAD0152      1      1      1      1      1      1      1      1      1      1      1
   PROD0153      1      1      1      1      1      1      1      1      1      1      1
   TYRD0154      1      1      1      1      1      1      1      2      3      5      5
   TRPD0155      1      1      1      1      1      1      1      1      1      1      1
   THRD0156      1      1      2      2      2      2      2      2      6      8      4
   SERD0157      1      1      1      1      1      1      1      1      3      5      5
   PROD0158      1      1      1      1      1      1      1      1      1      1      1
   GLUD0159      1      1      1      1      1      1      1      3      5      7      7
   LYSD0160      1      1      1      1      1      1      1      2      4      4      4
   METD0161      1      1      1      1      1      1      1      1      1      1      1
   GLUD0162      1      1      1      1      1      1      1      3      5      9      9
   LYSD0163      1      1      1      1      1      1      1      2      4      4      4
   LYSD0164      1      1      1      1      1      1      1      2      4      4      4
   LEUD0165      1      1      1      1      1      1      1      1      1      1      1
   HISD0166      1      1      1      1      1      1      1      3      3      3      3
   ALAD0167      1      1      1      1      1      1      1      1      1      1      1
   VALD0168      1      1      1      1      1      1      1      1      1      1      1
   PROD0169      1      1      1      1      1      1      1      1      1      1      1
   ALAD0170      1      1      1      1      1      1      1      1      1      1      1
   ALAD0171      1      1      1      1      1      1      1      1      1      1      1
   LYSD0172      1      1      1      1      1      1      1      2      4      4      4
   THRD0173      1      1      2      2      2      2      1      1      3      5      5
   VALD0174      1      1      1      1      1      1      1      1      1      1      1
   LYSD0175      1      1      1      1      1      1      1      2      4      4      4
   PHED0176      1      1      1      1      1      1      1      1      1      1      1
   LYSD0177      1      1      1      1      1      1      1      2      4      4      4
   CYDD0178      1      1      1      1      1      1      1      1      1      1      1
   PROD0179      1      1      1      1      1      1      1      1      1      1      1
   SERD0180      1      1      1      1      1      1      1      1      3      3      3
   SERD0181      1      1      1      1      1      1      1      1      3      5      5
   GLYD0182      0      0      0      0      0      0      0      0      0      0      0
   THRD0183      1      1      2      2      2      2      1      1      3      4      4
   PROD0184      1      1      1      1      1      1      1      1      1      1      1
   ASND0185      1      1      1      1      1      1      1      1      1      1      1
   PROD0186      1      1      1      1      1      1      1      1      1      1      1
   THRD0187      1      1      2      2      2      2      2      2      6      8      4
   LEUD0188      1      1      1      1      1      1      1      1      1      1      1
   ARGD0189      1      1      1      1      1      1      1      4      6      6      6
   TRPD0190      1      1      1      1      1      1      1      1      1      1      1
   LEUD0191      1      1      1      1      1      1      1      1      1      1      1
   LYSD0192      1      1      1      1      1      1      1      2      4      4      4
   ASND0193      1      1      1      1      1      1      1      1      1      1      1
   GLYD0194      0      0      0      0      0      0      0      0      0      0      0
   LYSD0195      1      1      1      1      1      1      1      2      4      4      4
   GLUD0196      1      1      1      1      1      1      1      3      5      7      7
   PHED0197      1      1      1      1      1      1      1      1      1      1      1
   LYSD0198      1      1      1      1      1      1      1      2      4      4      4
   PROD0199      1      1      1      1      1      1      1      1      1      1      1
   ASPD0200      1      1      1      1      1      1      1      3      5      7      7
   HISD0201      1      1      1      1      1      1      1      3      3      3      3
   ARGD0202      1      1      1      1      1      1      1      4      6      6      6
   ILED0203      1      1      1      1      1      1      1      1      1      1      1
   GLYD0204      0      0      0      0      0      0      0      0      0      0      0
   GLYD0205      0      0      0      0      0      0      0      0      0      0      0
   TYRD0206      1      1      1      1      1      1      1      2      3      3      3
   LYSD0207      1      1      1      1      1      1      1      2      4      4      4
   VALD0208      1      1      1      1      1      1      1      1      1      1      1
   ARGD0209      1      1      1      1      1      1      1      4      6      6      6
   TYRD0210      1      1      1      1      1      1      1      2      3      3      3
   ALAD0211      1      1      1      1      1      1      1      1      1      1      1
   THRD0212      1      1      2      2      2      2      1      1      3      3      3
   TRPD0213      1      1      1      1      1      1      1      1      1      1      1
   SERD0214      1      1      1      1      1      1      1      1      3      3      3
   ILED0215      1      1      1      1      1      1      1      1      1      1      1
   ILED0216      1      1      1      1      1      1      1      1      1      1      1
   METD0217      1      1      1      1      1      1      1      1      1      1      1
   ASPD0218      1      1      1      1      1      1      1      3      5     23     23
   SERD0219      1      1      1      1      1      1      1      1      3      8      8
   VALD0220      1      1      1      1      1      1      1      1      1      1      1
   VALD0221      1      1      1      1      1      1      1      1      1      1      1
   PROD0222      1      1      1      1      1      1      1      1      1      1      1
   SERD0223      1      1      1      1      1      1      1      1      3      9      9
   ASPD0224      1      1      1      1      1      1      1      3      5     33     33
   LYSD0225      1      1      1      1      1      1      1      2      4      4      4
   GLYD0226      0      0      0      0      0      0      0      0      0      0      0
   ASND0227      1      1      1      1      1      1      1      1      1      1      1
   TYRD0228      1      1      1      1      1      1      1      2      3      6      6
   THRD0229      1      1      2      2      2      2      1      1      3      4      4
   CYDD0230      1      1      1      1      1      1      1      1      1      1      1
   ILED0231      1      1      1      1      1      1      1      1      1      1      1
   VALD0232      1      1      1      1      1      1      1      1      1      1      1
   GLUD0233      1      1      1      1      1      1      1      3      5      6      6
   ASND0234      1      1      1      1      1      1      1      1      1      1      1
   GLUD0235      1      1      1      1      1      1      1      3      5      7      7
   TYRD0236      1      1      1      1      1      1      1      2      3      5      5
   GLYD0237      0      0      0      0      0      0      0      0      0      0      0
   SERD0238      1      1      1      1      1      1      1      1      3      4      4
   ILED0239      1      1      1      1      1      1      1      1      1      1      1
   ASND0240      1      1      1      1      1      1      1      1      1      1      1
   HISD0241      1      1      1      1      1      1      1      3      3      3      3
   THRD0242      1      1      2      2      2      2      1      1      3      6      6
   TYRD0243      1      1      1      1      1      1      1      2      3      6      6
   GLND0244      1      1      1      1      1      1      1      1      1      1      1
   LEUD0245      1      1      1      1      1      1      1      1      1      1      1
   ASPD0246      1      1      1      1      1      1      1      3      5     11     11
   VALD0247      1      1      1      1      1      1      1      1      1      1      1
   VALD0248      1      1      1      1      1      1      1      1      1      1      1
   GLUD0249      1      1      1      1      1      1      1      3      5      8      8
   ARGD0250      1      1      1      1      1      1      1      4      6      8      8
   SERD0251      1      1      1      1      1      1      1      1      3      5      5
   PROD0252      1      1      1      1      1      1      1      1      1      1      1
   HISD0253      1      1      1      1      1      1      1      3      3      3      3
   ARGD0254      1      1      1      1      1      1      1      4      6      6      6
   PROD0255      1      1      1      1      1      1      1      1      1      1      1
   ILED0256      1      1      1      1      1      1      1      1      1      1      1
   LEUD0257      1      1      1      1      1      1      1      1      1      1      1
   GLND0258      1      1      1      1      1      1      1      1      1      1      1
   ALAD0259      1      1      1      1      1      1      1      1      1      1      1
   GLYD0260      0      0      0      0      0      0      0      0      0      0      0
   LEUD0261      1      1      1      1      1      1      1      1      1      1      1
   PROD0262      1      1      1      1      1      1      1      1      1      1      1
   ALAD0263      1      1      1      1      1      1      1      1      1      1      1
   ASND0264      1      1      1      1      1      1      1      1      1      1      1
   LYSD0265      1      1      1      1      1      1      1      2      4      7      7
   THRD0266      1      1      2      2      2      2      2      2      6      6      3
   VALD0267      1      1      1      1      1      1      1      1      1      1      1
   ALAD0268      1      1      1      1      1      1      1      1      1      1      1
   LEUD0269      1      1      1      1      1      1      1      1      1      1      1
   GLYD0270      0      0      0      0      0      0      0      0      0      0      0
   SERD0271      1      1      1      1      1      1      1      1      3      3      3
   ASND0272      1      1      1      1      1      1      1      1      1      1      1
   VALD0273      1      1      1      1      1      1      1      1      1      1      1
   GLUD0274      1      1      1      1      1      1      1      3      5      6      6
   PHED0275      1      1      1      1      1      1      1      1      1      1      1
   METD0276      1      1      1      1      1      1      1      1      1      1      1
   CYDD0277      1      1      1      1      1      1      1      1      1      1      1
   LYSD0278      1      1      1      1      1      1      1      2      4      4      4
   VALD0279      1      1      1      1      1      1      1      1      1      1      1
   TYRD0280      1      1      1      1      1      1      1      2      3      7      7
   SERD0281      1      1      1      1      1      1      1      1      3      5      5
   ASPD0282      1      1      1      1      1      1      1      3      5     27     27
   PROD0283      1      1      1      1      1      1      1      1      1      1      1
   GLND0284      1      1      1      1      1      1      1      1      1      2      2
   PROD0285      1      1      1      1      1      1      1      1      1      1      1
   HISD0286      1      1      1      1      1      1      1      3      3      3      3
   ILED0287      1      1      1      1      1      1      1      1      1      1      1
   GLND0288      1      1      1      1      1      1      1      1      1      2      2
   TRPD0289      1      1      1      1      1      1      1      1      1      1      1
   LEUD0290      1      1      1      1      1      1      1      1      1      1      1
   LYSD0291      1      1      1      1      1      1      1      2      4      4      4
   HISD0292      1      1      1      1      1      1      1      3      3      3      3
   ILED0293      1      1      1      1      1      1      1      1      1      1      1
   CTRD0293      1      1      1      1      1      1      1      3      5      6      6
   NTRD0306      1      1      1      1      1      1      1      2      4      4      4
   PROD0306      1      1      1      1      1      1      1      1      1      1      1
   TYRD0307      1      1      1      1      1      1      1      2      3      4      4
   VALD0308      1      1      1      1      1      1      1      1      1      1      1
   GLND0309      1      1      1      1      1      1      1      1      1      1      1
   ILED0310      1      1      1      1      1      1      1      1      1      1      1
   LEUD0311      1      1      1      1      1      1      1      1      1      1      1
   LYSD0312      1      1      1      1      1      1      1      2      4      4      4
   THRD0313      1      1      2      2      2      2      2      2      6      9      4
   ALAD0314      1      1      1      1      1      1      1      1      1      1      1
   CTRD0314      1      1      1      1      1      1      1      3      5     10     10
   NTRD0324      1      1      1      1      1      1      1      2      4      4      4
   GLUD0324      1      1      1      1      1      1      1      3      5     14     14
   VALD0325      1      1      1      1      1      1      1      1      1      2      2
   LEUD0326      1      1      1      1      1      1      1      1      1      1      1
   HISD0327      1      1      1      1      1      1      1      3      3      3      3
   LEUD0328      1      1      1      1      1      1      1      1      1      1      1
   ARGD0329      1      1      1      1      1      1      1      4      6     12     12
   ASND0330      1      1      1      1      1      1      1      1      1      1      1
   VALD0331      1      1      1      1      1      1      1      1      1      1      1
   SERD0332      1      1      1      1      1      1      1      1      3      4      4
   PHED0333      1      1      1      1      1      1      1      1      1      1      1
   GLUD0334      1      1      1      1      1      1      1      3      5      8      8
   ASPD0335      1      1      1      1      1      1      1      3      5     10     10
   ALAD0336      1      1      1      1      1      1      1      1      1      1      1
   GLYD0337      0      0      0      0      0      0      0      0      0      0      0
   GLUD0338      1      1      1      1      1      1      1      3      5     10     10
   TYRD0339      1      1      1      1      1      1      1      2      3      7      7
   THRD0340      1      1      2      2      2      2      1      1      3      6      6
   CYDD0341      1      1      1      1      1      1      1      1      1      1      1
   LEUD0342      1      1      1      1      1      1      1      1      1      1      1
   ALAD0343      1      1      1      1      1      1      1      1      1      1      1
   GLYD0344      0      0      0      0      0      0      0      0      0      0      0
   ASND0345      1      1      1      1      1      1      1      1      1      1      1
   SERD0346      1      1      1      1      1      1      1      1      3      5      5
   ILED0347      1      1      1      1      1      1      1      1      1      1      1
   GLYD0348      0      0      0      0      0      0      0      0      0      0      0
   LEUD0349      1      1      1      1      1      1      1      1      1      1      1
   SERD0350      1      1      1      1      1      1      1      1      3      4      4
   HISD0351      1      1      1      1      1      1      1      3      3      3      3
   HISD0352      1      1      1      1      1      1      1      3      3      3      3
   SERD0353      1      1      1      1      1      1      1      1      3      5      5
   ALAD0354      1      1      1      1      1      1      1      1      1      1      1
   TRPD0355      1      1      1      1      1      1      1      1      1      1      1
   LEUD0356      1      1      1      1      1      1      1      1      1      1      1
   THRD0357      1      1      2      2      2      2      1      1      3      3      3
   VALD0358      1      1      1      1      1      1      1      1      1      1      1
   LEUD0359      1      1      1      1      1      1      1      1      1      1      1
   CTRD0359      1      1      1      1      1      1      1      3      5      5      5
   Total       615    615    652    652    649    649    625    998   1540   2412   2370
