   Rotamer making statitics:
   Residue   Start  Clean   Swap Rotate   Self  Hbond Repack  Ioni.   TorH     OH  Elect
   NTRA0012      1      1      1      1      1      1      1      2      4      4      4
   PHEA0012      1      1      1      1      1      1      1      1      1      1      1
   PROA0013      1      1      1      1      1      1      1      1      1      1      1
   PROA0014      1      1      1      1      1      1      1      1      1      1      1
   GLYA0015      0      0      0      0      0      0      0      0      0      0      0
   HISA0016      1      1      1      1      1      1      1      3      3      3      3
   PHEA0017      1      1      1      1      1      1      1      1      1      1      1
   LYSA0018      1      1      1      1      1      1      1      2      4      4      4
   ASPA0019      1      1      1      1      1      1      1      3      5     12     12
   PROA0020      1      1      1      1      1      1      1      1      1      1      1
   LYSA0021      1      1      1      1      1      1      1      2      4      4      4
   ARGA0022      1      1      1      1      1      1      1      4      6      6      6
   LEUA0023      1      1      1      1      1      1      1      1      1      1      1
   TYRA0024      1      1      1      1      1      1      1      2      3      5      5
   CYSA0025      1      1      1      1      1      1      1      2      4      4      4
   LYSA0026      1      1      1      1      1      1      1      2      4      4      4
   ASNA0027      1      1      1      1      1      1      1      1      1      1      1
   GLYA0028      0      0      0      0      0      0      0      0      0      0      0
   GLYA0029      0      0      0      0      0      0      0      0      0      0      0
   PHEA0030      1      1      1      1      1      1      1      1      1      1      1
   PHEA0031      1      1      1      1      1      1      1      1      1      1      1
   LEUA0032      1      1      1      1      1      1      1      1      1      1      1
   ARGA0033      1      1      1      1      1      1      1      4      6      6      6
   ILEA0034      1      1      1      1      1      1      1      1      1      1      1
   HISA0035      1      1      1      1      1      1      1      3      3      3      3
   PROA0036      1      1      1      1      1      1      1      1      1      1      1
   ASPA0037      1      1      1      1      1      1      1      3      5     19     19
   GLYA0038      0      0      0      0      0      0      0      0      0      0      0
   ARGA0039      1      1      1      1      1      1      1      4      6     11     11
   VALA0040      1      1      1      1      1      1      1      1      1      1      1
   ASPA0041      1      1      1      1      1      1      1      3      5     15     15
   GLYA0042      0      0      0      0      0      0      0      0      0      0      0
   VALA0043      1      1      1      1      1      1      1      1      1      1      1
   ARGA0044      1      1      1      1      1      1      1      4      6      6      6
   GLUA0045      1      1      1      1      1      1      1      3      5      9      9
   LYSA0046      1      1      1      1      1      1      1      2      4      8      8
   SERA0047      1      1      1      1      1      1      1      1      3      5      5
   ASPA0048      1      1      1      1      1      1      1      3      5      9      9
   PROA0049      1      1      1      1      1      1      1      1      1      1      1
   HISA0050      1      1      1      1      1      1      1      3      3      3      3
   ILEA0051      1      1      1      1      1      1      1      1      1      1      1
   LYSA0052      1      1      1      1      1      1      1      2      4      4      4
   LEUA0053      1      1      1      1      1      1      1      1      1      1      1
   GLNA0054      1      1      1      1      1      1      1      1      1      1      1
   LEUA0055      1      1      1      1      1      1      1      1      1      1      1
   GLNA0056      1      1      1      1      1      1      1      1      1      1      1
   ALAA0057      1      1      1      1      1      1      1      1      1      1      1
   GLUA0058      1      1      1      1      1      1      1      3      5     12     12
   GLUA0059      1      1      1      1      1      1      1      3      5      8      8
   ARGA0060      1      1      1      1      1      1      1      4      6      6      6
   GLYA0061      0      0      0      0      0      0      0      0      0      0      0
   VALA0062      1      1      1      1      1      1      1      1      1      1      1
   VALA0063      1      1      1      1      1      1      1      1      1      1      1
   SERA0064      1      1      1      1      1      1      1      1      3      6      6
   ILEA0065      1      1      1      1      1      1      1      1      1      1      1
   LYSA0066      1      1      1      1      1      1      1      2      4      4      4
   GLYA0067      0      0      0      0      0      0      0      0      0      0      0
   VALA0068      1      1      1      1      1      1      1      1      1      1      1
   SERA0069      1      1      1      1      1      1      1      1      3      5      5
   ALAA0070      1      1      1      1      1      1      1      1      1      1      1
   ASNA0071      1      1      1      1      1      1      1      1      1      2      2
   ARGA0072      1      1      1      1      1      1      1      4      6      6      6
   TYRA0073      1      1      1      1      1      1      1      2      3      7      7
   LEUA0074      1      1      1      1      1      1      1      1      1      1      1
   ALAA0075      1      1      1      1      1      1      1      1      1      1      1
   META0076      1      1      1      1      1      1      1      1      1      1      1
   LYSA0077      1      1      1      1      1      1      1      2      4      4      4
   GLUA0078      1      1      1      1      1      1      1      3      5     16     16
   ASPA0079      1      1      1      1      1      1      1      3      5     10     10
   GLYA0080      0      0      0      0      0      0      0      0      0      0      0
   ARGA0081      1      1      1      1      1      1      1      4      6      6      6
   LEUA0082      1      1      1      1      1      1      1      1      1      1      1
   LEUA0083      1      1      1      1      1      1      1      1      1      1      1
   ALAA0084      1      1      1      1      1      1      1      1      1      1      1
   SERA0085      1      1      1      1      1      1      1      1      3      6      6
   LYSA0086      1      1      1      1      1      1      1      2      4      4      4
   SERA0087      1      1      1      1      1      1      1      1      3      5      5
   VALA0088      1      1      1      1      1      1      1      1      1      1      1
   THRA0089      1      1      2      2      2      2      1      1      3      6      6
   ASPA0090      1      1      1      1      1      1      1      3      5     10     10
   GLUA0091      1      1      1      1      1      1      1      3      5     16     16
   CYSA0092      1      1      1      1      1      1      1      2      4      6      6
   PHEA0093      1      1      1      1      1      1      1      1      1      1      1
   PHEA0094      1      1      1      1      1      1      1      1      1      1      1
   PHEA0095      1      1      1      1      1      1      1      1      1      1      1
   GLUA0096      1      1      1      1      1      1      1      3      5     12     12
   ARGA0097      1      1      1      1      1      1      1      4      6     12     12
   LEUA0098      1      1      1      1      1      1      1      1      1      1      1
   GLUA0099      1      1      1      1      1      1      1      3      5     25     25
   SERA0100      1      1      1      1      1      1      1      1      3      9      9
   ASNA0101      1      1      1      1      1      1      1      1      1      1      1
   ASNA0102      1      1      1      1      1      1      1      1      1      1      1
   TYRA0103      1      1      1      1      1      1      1      2      3      6      6
   ASNA0104      1      1      1      1      1      1      1      1      1      1      1
   THRA0105      1      1      2      2      2      2      1      1      3      6      6
   TYRA0106      1      1      1      1      1      1      1      2      3      6      6
   ARGA0107      1      1      1      1      1      1      1      4      6      6      6
   SERA0108      1      1      1      1      1      1      1      1      3      4      4
   ARGA0109      1      1      1      1      1      1      1      4      6      6      6
   LYSA0110      1      1      1      1      1      1      1      2      4      4      4
   TYRA0111      1      1      1      1      1      1      1      2      3      7      7
   THRA0112      1      1      2      2      2      2      2      2      6      8      4
   SERA0113      1      1      1      1      1      1      1      1      3      4      4
   TRPA0114      1      1      1      1      1      1      1      1      1      1      1
   TYRA0115      1      1      1      1      1      1      1      2      3      7      7
   VALA0116      1      1      1      1      1      1      1      1      1      1      1
   ALAA0117      1      1      1      1      1      1      1      1      1      1      1
   LEUA0118      1      1      1      1      1      1      1      1      1      1      1
   LYSA0119      1      1      1      1      1      1      1      2      4      4      4
   ARGA0120      1      1      1      1      1      1      1      4      6      6      6
   THRA0121      1      1      2      2      2      2      1      1      3      5      5
   GLYA0122      0      0      0      0      0      0      0      0      0      0      0
   GLNA0123      1      1      1      1      1      1      1      1      1      1      1
   TYRA0124      1      1      1      1      1      1      1      2      3      5      5
   LYSA0125      1      1      1      1      1      1      1      2      4      4      4
   LEUA0126      1      1      1      1      1      1      1      1      1      1      1
   GLYA0127      0      0      0      0      0      0      0      0      0      0      0
   SERA0128      1      1      1      1      1      1      1      1      3      3      3
   LYSA0129      1      1      1      1      1      1      1      2      4      4      4
   THRA0130      1      1      2      2      2      2      1      1      3      6      6
   GLYA0131      0      0      0      0      0      0      0      0      0      0      0
   PROA0132      1      1      1      1      1      1      1      1      1      1      1
   GLYA0133      0      0      0      0      0      0      0      0      0      0      0
   GLNA0134      1      1      1      1      1      1      1      1      1      1      1
   LYSA0135      1      1      1      1      1      1      1      2      4      4      4
   ALAA0136      1      1      1      1      1      1      1      1      1      1      1
   ILEA0137      1      1      1      1      1      1      1      1      1      1      1
   LEUA0138      1      1      1      1      1      1      1      1      1      1      1
   PHEA0139      1      1      1      1      1      1      1      1      1      1      1
   LEUA0140      1      1      1      1      1      1      1      1      1      1      1
   PROA0141      1      1      1      1      1      1      1      1      1      1      1
   META0142      1      1      1      1      1      1      1      1      1      1      1
   SERA0143      1      1      1      1      1      1      1      1      3      6      6
   CTRA0143      1      1      1      1      1      1      1      3      5     12     12
   IDYB0001      0      0      0      0      0      0      0      0      0      0      0
   GNXB0002      0      0      0      0      0      0      0      0      0      0      0
   Total       122    122    127    127    127    127    123    213    334    525    521
