   Rotamer making statitics:
   Residue   Start  Clean   Swap Rotate   Self  Hbond Repack  Ioni.   TorH     OH  Elect
   NTRE0150      1      1      1      1      1      1      1      2      4      4      4
   ASNE0150      1      1      1      1      1      1      1      1      1      1      1
   LYSE0151      1      1      1      1      1      1      1      2      4      4      4
   ARGE0152      1      1      1      1      1      1      1      4      6      6      6
   ALAE0153      1      1      1      1      1      1      1      1      1      1      1
   PROE0154      1      1      1      1      1      1      1      1      1      1      1
   TYRE0155      1      1      1      1      1      1      1      2      3      4      4
   TRPE0156      1      1      1      1      1      1      1      1      1      1      1
   THRE0157      1      1      2      2      2      2      1      1      3      4      4
   ASNE0158      1      1      1      1      1      1      1      1      1      1      1
   THRE0159      1      1      2      2      2      2      1      1      3      4      4
   GLUE0160      1      1      1      1      1      1      1      3      5      7      7
   LYSE0161      1      1      1      1      1      1      1      2      4      4      4
   METE0162      1      1      1      1      1      1      1      1      1      1      1
   GLUE0163      1      1      1      1      1      1      1      3      5      7      7
   LYSE0164      1      1      1      1      1      1      1      2      4      4      4
   ARGE0165      1      1      1      1      1      1      1      4      6      6      6
   LEUE0166      1      1      1      1      1      1      1      1      1      1      1
   HISE0167      1      1      1      1      1      1      1      3      3      3      3
   ALAE0168      1      1      1      1      1      1      1      1      1      1      1
   VALE0169      1      1      1      1      1      1      1      1      1      1      1
   PROE0170      1      1      1      1      1      1      1      1      1      1      1
   ALAE0171      1      1      1      1      1      1      1      1      1      1      1
   ALAE0172      1      1      1      1      1      1      1      1      1      1      1
   ASNE0173      1      1      1      1      1      1      1      1      1      1      1
   THRE0174      1      1      2      2      2      2      2      2      6     10      5
   VALE0175      1      1      1      1      1      1      1      1      1      1      1
   LYSE0176      1      1      1      1      1      1      1      2      4      4      4
   PHEE0177      1      1      1      1      1      1      1      1      1      1      1
   ARGE0178      1      1      1      1      1      1      1      4      6      6      6
   CYDE0179      1      1      1      1      1      1      1      1      1      1      1
   PROE0180      1      1      1      1      1      1      1      1      1      1      1
   ALAE0181      1      1      1      1      1      1      1      1      1      1      1
   GLYE0182      0      0      0      0      0      0      0      0      0      0      0
   GLYE0183      0      0      0      0      0      0      0      0      0      0      0
   ASNE0184      1      1      1      1      1      1      1      1      1      1      1
   PROE0185      1      1      1      1      1      1      1      1      1      1      1
   METE0186      1      1      1      1      1      1      1      1      1      1      1
   PROE0187      1      1      1      1      1      1      1      1      1      1      1
   THRE0188      1      1      2      2      2      2      1      1      3      3      3
   METE0189      1      1      1      1      1      1      1      1      1      1      1
   ARGE0190      1      1      1      1      1      1      1      4      6      8      8
   TRPE0191      1      1      1      1      1      1      1      1      1      1      1
   LEUE0192      1      1      1      1      1      1      1      1      1      1      1
   LYSE0193      1      1      1      1      1      1      1      2      4      4      4
   ASNE0194      1      1      1      1      1      1      1      1      1      1      1
   GLYE0195      0      0      0      0      0      0      0      0      0      0      0
   LYSE0196      1      1      1      1      1      1      1      2      4      7      7
   GLUE0197      1      1      1      1      1      1      1      3      5      5      5
   PHEE0198      1      1      1      1      1      1      1      1      1      1      1
   LYSE0199      1      1      1      1      1      1      1      2      4      4      4
   GLNE0200      1      1      1      1      1      1      1      1      1      1      1
   GLUE0201      1      1      1      1      1      1      1      3      5     11     11
   HISE0202      1      1      1      1      1      1      1      3      3      3      3
   ARGE0203      1      1      1      1      1      1      1      4      6      7      7
   ILEE0204      1      1      1      1      1      1      1      1      1      1      1
   GLYE0205      0      0      0      0      0      0      0      0      0      0      0
   GLYE0206      0      0      0      0      0      0      0      0      0      0      0
   TYRE0207      1      1      1      1      1      1      1      2      3      4      4
   LYSE0208      1      1      1      1      1      1      1      2      4      4      4
   VALE0209      1      1      1      1      1      1      1      1      1      1      1
   ARGE0210      1      1      1      1      1      1      1      4      6      6      6
   ASNE0211      1      1      1      1      1      1      1      1      1      1      1
   GLNE0212      1      1      1      1      1      1      1      1      1      1      1
   HISE0213      1      1      1      1      1      1      1      3      3      3      3
   TRPE0214      1      1      1      1      1      1      1      1      1      1      1
   SERE0215      1      1      1      1      1      1      1      1      3      5      5
   LEUE0216      1      1      1      1      1      1      1      1      1      1      1
   ILEE0217      1      1      1      1      1      1      1      1      1      1      1
   METE0218      1      1      1      1      1      1      1      1      1      1      1
   GLUE0219      1      1      1      1      1      1      1      3      5     19     19
   SERE0220      1      1      1      1      1      1      1      1      3      5      5
   VALE0221      1      1      1      1      1      1      1      1      1      1      1
   VALE0222      1      1      1      1      1      1      1      1      1      1      1
   PROE0223      1      1      1      1      1      1      1      1      1      1      1
   SERE0224      1      1      1      1      1      1      1      1      3      5      5
   ASPE0225      1      1      1      1      1      1      1      3      5     25     25
   LYSE0226      1      1      1      1      1      1      1      2      4      4      4
   GLYE0227      0      0      0      0      0      0      0      0      0      0      0
   ASNE0228      1      1      1      1      1      1      1      1      1      1      1
   TYRE0229      1      1      1      1      1      1      1      2      3      6      6
   THRE0230      1      1      2      2      2      2      1      1      3      3      3
   CYDE0231      1      1      1      1      1      1      1      1      1      1      1
   VALE0232      1      1      1      1      1      1      1      1      1      1      1
   VALE0233      1      1      1      1      1      1      1      1      1      1      1
   GLUE0234      1      1      1      1      1      1      1      3      5     12     12
   ASNE0235      1      1      1      1      1      1      1      1      1      1      1
   GLUE0236      1      1      1      1      1      1      1      3      5      8      8
   TYRE0237      1      1      1      1      1      1      1      2      3      6      6
   GLYE0238      0      0      0      0      0      0      0      0      0      0      0
   SERE0239      1      1      1      1      1      1      1      1      3      5      5
   ILEE0240      1      1      1      1      1      1      1      1      1      1      1
   ASNE0241      1      1      1      1      1      1      1      1      1      1      1
   HISE0242      1      1      1      1      1      1      1      3      3      3      3
   THRE0243      1      1      2      2      2      2      2      2      6      9      4
   TYRE0244      1      1      1      1      1      1      1      2      3      6      6
   HISE0245      1      1      1      1      1      1      1      3      3      3      3
   LEUE0246      1      1      1      1      1      1      1      1      1      1      1
   ASPE0247      1      1      1      1      1      1      1      3      5      8      8
   VALE0248      1      1      1      1      1      1      1      1      1      1      1
   VALE0249      1      1      1      1      1      1      1      1      1      1      1
   GLUE0250      1      1      1      1      1      1      1      3      5      5      5
   ARGE0251      1      1      1      1      1      1      1      4      6      6      6
   SERE0252      1      1      1      1      1      1      1      1      3      5      5
   PROE0253      1      1      1      1      1      1      1      1      1      1      1
   HISE0254      1      1      1      1      1      1      1      3      3      3      3
   ARGE0255      1      1      1      1      1      1      1      4      6      6      6
   PROE0256      1      1      1      1      1      1      1      1      1      1      1
   ILEE0257      1      1      1      1      1      1      1      1      1      1      1
   LEUE0258      1      1      1      1      1      1      1      1      1      1      1
   GLNE0259      1      1      1      1      1      1      1      1      1      1      1
   ALAE0260      1      1      1      1      1      1      1      1      1      1      1
   GLYE0261      0      0      0      0      0      0      0      0      0      0      0
   LEUE0262      1      1      1      1      1      1      1      1      1      1      1
   PROE0263      1      1      1      1      1      1      1      1      1      1      1
   ALAE0264      1      1      1      1      1      1      1      1      1      1      1
   ASNE0265      1      1      1      1      1      1      1      1      1      1      1
   ALAE0266      1      1      1      1      1      1      1      1      1      1      1
   SERE0267      1      1      1      1      1      1      1      1      3      4      4
   CTRE0267      1      1      1      1      1      1      1      3      5      7      7
   NTRE0273      1      1      1      1      1      1      1      2      4      4      4
   ASPE0273      1      1      1      1      1      1      1      3      5      5      5
   VALE0274      1      1      1      1      1      1      1      1      1      1      1
   GLUE0275      1      1      1      1      1      1      1      3      5      6      6
   PHEE0276      1      1      1      1      1      1      1      1      1      1      1
   VALE0277      1      1      1      1      1      1      1      1      1      1      1
   CYDE0278      1      1      1      1      1      1      1      1      1      1      1
   LYSE0279      1      1      1      1      1      1      1      2      4      4      4
   VALE0280      1      1      1      1      1      1      1      1      1      1      1
   TYRE0281      1      1      1      1      1      1      1      2      3     11     11
   SERE0282      1      1      1      1      1      1      1      1      3      5      5
   ASPE0283      1      1      1      1      1      1      1      3      5     10     10
   ALAE0284      1      1      1      1      1      1      1      1      1      1      1
   GLNE0285      1      1      1      1      1      1      1      1      1      1      1
   PROE0286      1      1      1      1      1      1      1      1      1      1      1
   HISE0287      1      1      1      1      1      1      1      3      3      3      3
   ILEE0288      1      1      1      1      1      1      1      1      1      1      1
   GLNE0289      1      1      1      1      1      1      1      1      1      1      1
   TRPE0290      1      1      1      1      1      1      1      1      1      1      1
   ILEE0291      1      1      1      1      1      1      1      1      1      1      1
   LYSE0292      1      1      1      1      1      1      1      2      4      4      4
   HISE0293      1      1      1      1      1      1      1      3      3      3      3
   VALE0294      1      1      1      1      1      1      1      1      1      1      1
   CTRE0294      1      1      1      1      1      1      1      3      5      7      7
   NTRE0307      1      1      1      1      1      1      1      2      4      4      4
   PROE0307      1      1      1      1      1      1      1      1      1      1      1
   TYRE0308      1      1      1      1      1      1      1      2      3     10     10
   LEUE0309      1      1      1      1      1      1      1      1      1      1      1
   LYSE0310      1      1      1      1      1      1      1      2      4      4      4
   VALE0311      1      1      1      1      1      1      1      1      1      1      1
   LEUE0312      1      1      1      1      1      1      1      1      1      1      1
   LYSE0313      1      1      1      1      1      1      1      2      4      4      4
   ALAE0314      1      1      1      1      1      1      1      1      1      1      1
   ALAE0315      1      1      1      1      1      1      1      1      1      1      1
   GLYE0316      0      0      0      0      0      0      0      0      0      0      0
   VALE0317      1      1      1      1      1      1      1      1      1      1      1
   ASNE0318      1      1      1      1      1      1      1      1      1      1      1
   THRE0319      1      1      2      2      2      2      1      1      3      3      3
   THRE0320      1      1      2      2      2      2      2      2      6      6      5
   ASPE0321      1      1      1      1      1      1      1      3      5      5      5
   LYSE0322      1      1      1      1      1      1      1      2      4      4      4
   GLUE0323      1      1      1      1      1      1      1      3      5      8      8
   ILEE0324      1      1      1      1      1      1      1      1      1      1      1
   GLUE0325      1      1      1      1      1      1      1      3      5      9      9
   VALE0326      1      1      1      1      1      1      1      1      1      1      1
   LEUE0327      1      1      1      1      1      1      1      1      1      1      1
   TYRE0328      1      1      1      1      1      1      1      2      3      6      6
   ILEE0329      1      1      1      1      1      1      1      1      1      1      1
   ARGE0330      1      1      1      1      1      1      1      4      6      6      6
   ASNE0331      1      1      1      1      1      1      1      1      1      1      1
   VALE0332      1      1      1      1      1      1      1      1      1      1      1
   THRE0333      1      1      2      2      2      2      1      1      3      4      4
   PHEE0334      1      1      1      1      1      1      1      1      1      2      2
   GLUE0335      1      1      1      1      1      1      1      3      5      9      9
   ASPE0336      1      1      1      1      1      1      1      3      5      9      9
   ALAE0337      1      1      1      1      1      1      1      1      1      1      1
   GLYE0338      0      0      0      0      0      0      0      0      0      0      0
   GLUE0339      1      1      1      1      1      1      1      3      5      7      7
   TYRE0340      1      1      1      1      1      1      1      2      3      5      5
   THRE0341      1      1      2      2      2      2      1      1      3      5      5
   CYDE0342      1      1      1      1      1      1      1      1      1      1      1
   LEUE0343      1      1      1      1      1      1      1      1      1      1      1
   ALAE0344      1      1      1      1      1      1      1      1      1      1      1
   GLYE0345      0      0      0      0      0      0      0      0      0      0      0
   ASNE0346      1      1      1      1      1      1      1      1      1      1      1
   SERE0347      1      1      1      1      1      1      1      1      3      3      3
   ILEE0348      1      1      1      1      1      1      1      1      1      1      1
   GLYE0349      0      0      0      0      0      0      0      0      0      0      0
   ILEE0350      1      1      1      1      1      1      1      1      1      1      1
   SERE0351      1      1      1      1      1      1      1      1      3      4      4
   PHEE0352      1      1      1      1      1      1      1      1      1      1      1
   HISE0353      1      1      1      1      1      1      1      3      3      3      3
   SERE0354      1      1      1      1      1      1      1      1      3      4      4
   ALAE0355      1      1      1      1      1      1      1      1      1      1      1
   TRPE0356      1      1      1      1      1      1      1      1      1      1      1
   LEUE0357      1      1      1      1      1      1      1      1      1      1      1
   THRE0358      1      1      2      2      2      2      2      2      6      8      4
   VALE0359      1      1      1      1      1      1      1      1      1      1      1
   LEUE0360      1      1      1      1      1      1      1      1      1      1      1
   CTRE0360      1      1      1      1      1      1      1      3      5      5      5
   Total       188    188    199    199    199    199    192    307    462    613    598
