   Rotamer making statitics:
   Residue   Start  Clean   Swap Rotate   Self  Hbond Repack  Ioni.   TorH     OH  Elect
   NTRA0016      1      1      1      1      1      1      1      2      4      4      4
   HISA0016      1      1      1      1      1      1      1      3      3      3      3
   PHEA0017      1      1      1      1      1      1      1      1      1      1      1
   LYSA0018      1      1      1      1      1      1      1      2      4      4      4
   ASPA0019      1      1      1      1      1      1      1      3      5      9      9
   PROA0020      1      1      1      1      1      1      1      1      1      1      1
   LYSA0021      1      1      1      1      1      1      1      2      4      4      4
   ARGA0022      1      1      1      1      1      1      1      4      6     12     12
   LEUA0023      1      1      1      1      1      1      1      1      1      1      1
   TYRA0024      1      1      1      1      1      1      1      2      3      6      6
   CYSA0025      1      1      1      1      1      1      1      2      4      4      4
   LYSA0026      1      1      1      1      1      1      1      2      4      4      4
   ASNA0027      1      1      1      1      1      1      1      1      1      1      1
   GLYA0028      0      0      0      0      0      0      0      0      0      0      0
   GLYA0029      0      0      0      0      0      0      0      0      0      0      0
   PHEA0030      1      1      1      1      1      1      1      1      1      1      1
   PHEA0031      1      1      1      1      1      1      1      1      1      1      1
   LEUA0032      1      1      1      1      1      1      1      1      1      1      1
   ARGA0033      1      1      1      1      1      1      1      4      6      6      6
   ILEA0034      1      1      1      1      1      1      1      1      1      1      1
   HISA0035      1      1      1      1      1      1      1      3      3      3      3
   PROA0036      1      1      1      1      1      1      1      1      1      1      1
   ASPA0037      1      1      1      1      1      1      1      3      5      7      7
   GLYA0038      0      0      0      0      0      0      0      0      0      0      0
   ARGA0039      1      1      1      1      1      1      1      4      6      6      6
   VALA0040      1      1      1      1      1      1      1      1      1      1      1
   ASPA0041      1      1      1      1      1      1      1      3      5     21     21
   GLYA0042      0      0      0      0      0      0      0      0      0      0      0
   VALA0043      1      1      1      1      1      1      1      1      1      1      1
   ARGA0044      1      1      1      1      1      1      1      4      6      6      6
   GLUA0045      1      1      1      1      1      1      1      3      5      8      8
   LYSA0046      1      1      1      1      1      1      1      2      4      4      4
   SERA0047      1      1      1      1      1      1      1      1      3      4      4
   ASPA0048      1      1      1      1      1      1      1      3      5     10     10
   PROA0049      1      1      1      1      1      1      1      1      1      1      1
   HISA0050      1      1      1      1      1      1      1      3      3      3      3
   ILEA0051      1      1      1      1      1      1      1      1      1      1      1
   LYSA0052      1      1      1      1      1      1      1      2      4      4      4
   LEUA0053      1      1      1      1      1      1      1      1      1      1      1
   GLNA0054      1      1      1      1      1      1      1      1      1      1      1
   LEUA0055      1      1      1      1      1      1      1      1      1      1      1
   GLNA0056      1      1      1      1      1      1      1      1      1      1      1
   ALAA0057      1      1      1      1      1      1      1      1      1      1      1
   GLUA0058      1      1      1      1      1      1      1      3      5     13     13
   GLUA0059      1      1      1      1      1      1      1      3      5      8      8
   ARGA0060      1      1      1      1      1      1      1      4      6      9      9
   GLYA0061      0      0      0      0      0      0      0      0      0      0      0
   VALA0062      1      1      1      1      1      1      1      1      1      1      1
   VALA0063      1      1      1      1      1      1      1      1      1      1      1
   SERA0064      1      1      1      1      1      1      1      1      3      6      6
   ILEA0065      1      1      1      1      1      1      1      1      1      1      1
   LYSA0066      1      1      1      1      1      1      1      2      4      4      4
   GLYA0067      0      0      0      0      0      0      0      0      0      0      0
   VALA0068      1      1      1      1      1      1      1      1      1      1      1
   SERA0069      1      1      1      1      1      1      1      1      3      4      4
   ALAA0070      1      1      1      1      1      1      1      1      1      1      1
   ASNA0071      1      1      1      1      1      1      1      1      1      1      1
   ARGA0072      1      1      1      1      1      1      1      4      6     14     14
   TYRA0073      1      1      1      1      1      1      1      2      3      6      6
   LEUA0074      1      1      1      1      1      1      1      1      1      1      1
   ALAA0075      1      1      1      1      1      1      1      1      1      1      1
   META0076      1      1      1      1      1      1      1      1      1      1      1
   LYSA0077      1      1      1      1      1      1      1      2      4      4      4
   GLUA0078      1      1      1      1      1      1      1      3      5      9      9
   ASPA0079      1      1      1      1      1      1      1      3      5      9      9
   GLYA0080      0      0      0      0      0      0      0      0      0      0      0
   ARGA0081      1      1      1      1      1      1      1      4      6      6      6
   LEUA0082      1      1      1      1      1      1      1      1      1      1      1
   LEUA0083      1      1      1      1      1      1      1      1      1      1      1
   ALAA0084      1      1      1      1      1      1      1      1      1      1      1
   SERA0085      1      1      1      1      1      1      1      1      3      5      5
   LYSA0086      1      1      1      1      1      1      1      2      4      4      4
   SERA0087      1      1      1      1      1      1      1      1      3      6      6
   VALA0088      1      1      1      1      1      1      1      1      1      1      1
   THRA0089      1      1      2      2      2      2      1      1      3      5      5
   ASPA0090      1      1      1      1      1      1      1      3      5     23     23
   GLUA0091      1      1      1      1      1      1      1      3      5     24     24
   CYSA0092      1      1      1      1      1      1      1      2      4      6      6
   PHEA0093      1      1      1      1      1      1      1      1      1      1      1
   PHEA0094      1      1      1      1      1      1      1      1      1      1      1
   PHEA0095      1      1      1      1      1      1      1      1      1      1      1
   GLUA0096      1      1      1      1      1      1      1      3      5      8      8
   ARGA0097      1      1      1      1      1      1      1      4      6     11     11
   LEUA0098      1      1      1      1      1      1      1      1      1      1      1
   GLUA0099      1      1      1      1      1      1      1      3      5     18     18
   SERA0100      1      1      1      1      1      1      1      1      3      5      5
   ASNA0101      1      1      1      1      1      1      1      1      1      1      1
   ASNA0102      1      1      1      1      1      1      1      1      1      1      1
   TYRA0103      1      1      1      1      1      1      1      2      3      7      7
   ASNA0104      1      1      1      1      1      1      1      1      1      1      1
   THRA0105      1      1      2      2      2      2      1      1      3      6      6
   TYRA0106      1      1      1      1      1      1      1      2      3      7      7
   ARGA0107      1      1      1      1      1      1      1      4      6      6      6
   SERA0108      1      1      1      1      1      1      1      1      3      4      4
   ARGA0109      1      1      1      1      1      1      1      4      6      6      6
   LYSA0110      1      1      1      1      1      1      1      2      4      4      4
   TYRA0111      1      1      1      1      1      1      1      2      3      7      7
   THRA0112      1      1      2      2      2      2      1      1      3      4      4
   SERA0113      1      1      1      1      1      1      1      1      3     10     10
   TRPA0114      1      1      1      1      1      1      1      1      1      2      2
   TYRA0115      1      1      1      1      1      1      1      2      3      7      7
   VALA0116      1      1      1      1      1      1      1      1      1      1      1
   ALAA0117      1      1      1      1      1      1      1      1      1      1      1
   LEUA0118      1      1      1      1      1      1      1      1      1      1      1
   LYSA0119      1      1      1      1      1      1      1      2      4      4      4
   ARGA0120      1      1      1      1      1      1      1      4      6      6      6
   THRA0121      1      1      2      2      2      2      1      1      3      5      5
   GLYA0122      0      0      0      0      0      0      0      0      0      0      0
   GLNA0123      1      1      1      1      1      1      1      1      1      1      1
   TYRA0124      1      1      1      1      1      1      1      2      3      6      6
   LYSA0125      1      1      1      1      1      1      1      2      4      4      4
   LEUA0126      1      1      1      1      1      1      1      1      1      2      2
   GLYA0127      0      0      0      0      0      0      0      0      0      0      0
   SERA0128      1      1      1      1      1      1      1      1      3      3      3
   LYSA0129      1      1      1      1      1      1      1      2      4      4      4
   THRA0130      1      1      2      2      2      2      1      1      3      4      4
   GLYA0131      0      0      0      0      0      0      0      0      0      0      0
   PROA0132      1      1      1      1      1      1      1      1      1      1      1
   GLYA0133      0      0      0      0      0      0      0      0      0      0      0
   GLNA0134      1      1      1      1      1      1      1      1      1      1      1
   LYSA0135      1      1      1      1      1      1      1      2      4      4      4
   ALAA0136      1      1      1      1      1      1      1      1      1      1      1
   ILEA0137      1      1      1      1      1      1      1      1      1      1      1
   LEUA0138      1      1      1      1      1      1      1      1      1      1      1
   PHEA0139      1      1      1      1      1      1      1      1      1      1      1
   LEUA0140      1      1      1      1      1      1      1      1      1      1      1
   PROA0141      1      1      1      1      1      1      1      1      1      1      1
   META0142      1      1      1      1      1      1      1      1      1      1      1
   SERA0143      1      1      1      1      1      1      1      1      3      5      5
   ALAA0144      1      1      1      1      1      1      1      1      1      1      1
   LYSA0145      1      1      1      1      1      1      1      2      4      4      4
   CTRA0145      1      1      1      1      1      1      1      3      5      8      8
   NTRE0150      1      1      1      1      1      1      1      2      4      4      4
   ASNE0150      1      1      1      1      1      1      1      1      1      1      1
   LYSE0151      1      1      1      1      1      1      1      2      4      4      4
   ARGE0152      1      1      1      1      1      1      1      4      6      6      6
   ALAE0153      1      1      1      1      1      1      1      1      1      1      1
   PROE0154      1      1      1      1      1      1      1      1      1      1      1
   TYRE0155      1      1      1      1      1      1      1      2      3      5      5
   TRPE0156      1      1      1      1      1      1      1      1      1      1      1
   THRE0157      1      1      2      2      2      2      1      1      3      4      4
   ASNE0158      1      1      1      1      1      1      1      1      1      1      1
   THRE0159      1      1      2      2      2      2      1      1      3      4      4
   GLUE0160      1      1      1      1      1      1      1      3      5      7      7
   LYSE0161      1      1      1      1      1      1      1      2      4      4      4
   METE0162      1      1      1      1      1      1      1      1      1      1      1
   GLUE0163      1      1      1      1      1      1      1      3      5      8      8
   LYSE0164      1      1      1      1      1      1      1      2      4      4      4
   ARGE0165      1      1      1      1      1      1      1      4      6      6      6
   LEUE0166      1      1      1      1      1      1      1      1      1      1      1
   HISE0167      1      1      1      1      1      1      1      3      3      3      3
   ALAE0168      1      1      1      1      1      1      1      1      1      1      1
   VALE0169      1      1      1      1      1      1      1      1      1      1      1
   PROE0170      1      1      1      1      1      1      1      1      1      1      1
   ALAE0171      1      1      1      1      1      1      1      1      1      1      1
   ALAE0172      1      1      1      1      1      1      1      1      1      1      1
   ASNE0173      1      1      1      1      1      1      1      1      1      1      1
   THRE0174      1      1      2      2      2      2      2      2      6     10      5
   VALE0175      1      1      1      1      1      1      1      1      1      1      1
   LYSE0176      1      1      1      1      1      1      1      2      4      4      4
   PHEE0177      1      1      1      1      1      1      1      1      1      1      1
   ARGE0178      1      1      1      1      1      1      1      4      6      6      6
   CYDE0179      1      1      1      1      1      1      1      1      1      1      1
   PROE0180      1      1      1      1      1      1      1      1      1      1      1
   ALAE0181      1      1      1      1      1      1      1      1      1      1      1
   GLYE0182      0      0      0      0      0      0      0      0      0      0      0
   GLYE0183      0      0      0      0      0      0      0      0      0      0      0
   ASNE0184      1      1      1      1      1      1      1      1      1      1      1
   PROE0185      1      1      1      1      1      1      1      1      1      1      1
   METE0186      1      1      1      1      1      1      1      1      1      1      1
   PROE0187      1      1      1      1      1      1      1      1      1      1      1
   THRE0188      1      1      2      2      2      2      1      1      3      3      3
   METE0189      1      1      1      1      1      1      1      1      1      1      1
   ARGE0190      1      1      1      1      1      1      1      4      6      8      8
   TRPE0191      1      1      1      1      1      1      1      1      1      1      1
   LEUE0192      1      1      1      1      1      1      1      1      1      1      1
   LYSE0193      1      1      1      1      1      1      1      2      4      4      4
   ASNE0194      1      1      1      1      1      1      1      1      1      1      1
   GLYE0195      0      0      0      0      0      0      0      0      0      0      0
   LYSE0196      1      1      1      1      1      1      1      2      4      7      7
   GLUE0197      1      1      1      1      1      1      1      3      5      5      5
   PHEE0198      1      1      1      1      1      1      1      1      1      1      1
   LYSE0199      1      1      1      1      1      1      1      2      4      4      4
   GLNE0200      1      1      1      1      1      1      1      1      1      1      1
   GLUE0201      1      1      1      1      1      1      1      3      5     11     11
   HISE0202      1      1      1      1      1      1      1      3      3      3      3
   ARGE0203      1      1      1      1      1      1      1      4      6      7      7
   ILEE0204      1      1      1      1      1      1      1      1      1      1      1
   GLYE0205      0      0      0      0      0      0      0      0      0      0      0
   GLYE0206      0      0      0      0      0      0      0      0      0      0      0
   TYRE0207      1      1      1      1      1      1      1      2      3      4      4
   LYSE0208      1      1      1      1      1      1      1      2      4      4      4
   VALE0209      1      1      1      1      1      1      1      1      1      1      1
   ARGE0210      1      1      1      1      1      1      1      4      6      6      6
   ASNE0211      1      1      1      1      1      1      1      1      1      1      1
   GLNE0212      1      1      1      1      1      1      1      1      1      1      1
   HISE0213      1      1      1      1      1      1      1      3      3      3      3
   TRPE0214      1      1      1      1      1      1      1      1      1      1      1
   SERE0215      1      1      1      1      1      1      1      1      3      5      5
   LEUE0216      1      1      1      1      1      1      1      1      1      1      1
   ILEE0217      1      1      1      1      1      1      1      1      1      1      1
   METE0218      1      1      1      1      1      1      1      1      1      1      1
   GLUE0219      1      1      1      1      1      1      1      3      5     17     17
   SERE0220      1      1      1      1      1      1      1      1      3      5      5
   VALE0221      1      1      1      1      1      1      1      1      1      1      1
   VALE0222      1      1      1      1      1      1      1      1      1      1      1
   PROE0223      1      1      1      1      1      1      1      1      1      1      1
   SERE0224      1      1      1      1      1      1      1      1      3      5      5
   ASPE0225      1      1      1      1      1      1      1      3      5     21     21
   LYSE0226      1      1      1      1      1      1      1      2      4      4      4
   GLYE0227      0      0      0      0      0      0      0      0      0      0      0
   ASNE0228      1      1      1      1      1      1      1      1      1      1      1
   TYRE0229      1      1      1      1      1      1      1      2      3      6      6
   THRE0230      1      1      2      2      2      2      1      1      3      3      3
   CYDE0231      1      1      1      1      1      1      1      1      1      1      1
   VALE0232      1      1      1      1      1      1      1      1      1      1      1
   VALE0233      1      1      1      1      1      1      1      1      1      1      1
   GLUE0234      1      1      1      1      1      1      1      3      5     12     12
   ASNE0235      1      1      1      1      1      1      1      1      1      1      1
   GLUE0236      1      1      1      1      1      1      1      3      5      8      8
   TYRE0237      1      1      1      1      1      1      1      2      3      6      6
   GLYE0238      0      0      0      0      0      0      0      0      0      0      0
   SERE0239      1      1      1      1      1      1      1      1      3      5      5
   ILEE0240      1      1      1      1      1      1      1      1      1      1      1
   ASNE0241      1      1      1      1      1      1      1      1      1      1      1
   HISE0242      1      1      1      1      1      1      1      3      3      3      3
   THRE0243      1      1      2      2      2      2      2      2      6     10      5
   TYRE0244      1      1      1      1      1      1      1      2      3      7      7
   HISE0245      1      1      1      1      1      1      1      3      3      3      3
   LEUE0246      1      1      1      1      1      1      1      1      1      1      1
   ASPE0247      1      1      1      1      1      1      1      3      5     11     11
   VALE0248      1      1      1      1      1      1      1      1      1      1      1
   VALE0249      1      1      1      1      1      1      1      1      1      1      1
   GLUE0250      1      1      1      1      1      1      1      3      5      5      5
   ARGE0251      1      1      1      1      1      1      1      4      6      6      6
   SERE0252      1      1      1      1      1      1      1      1      3      5      5
   PROE0253      1      1      1      1      1      1      1      1      1      1      1
   HISE0254      1      1      1      1      1      1      1      3      3      3      3
   ARGE0255      1      1      1      1      1      1      1      4      6      6      6
   PROE0256      1      1      1      1      1      1      1      1      1      1      1
   ILEE0257      1      1      1      1      1      1      1      1      1      1      1
   LEUE0258      1      1      1      1      1      1      1      1      1      1      1
   GLNE0259      1      1      1      1      1      1      1      1      1      1      1
   ALAE0260      1      1      1      1      1      1      1      1      1      1      1
   GLYE0261      0      0      0      0      0      0      0      0      0      0      0
   LEUE0262      1      1      1      1      1      1      1      1      1      1      1
   PROE0263      1      1      1      1      1      1      1      1      1      1      1
   ALAE0264      1      1      1      1      1      1      1      1      1      1      1
   ASNE0265      1      1      1      1      1      1      1      1      1      1      1
   ALAE0266      1      1      1      1      1      1      1      1      1      1      1
   SERE0267      1      1      1      1      1      1      1      1      3      4      4
   CTRE0267      1      1      1      1      1      1      1      3      5      6      6
   NTRE0273      1      1      1      1      1      1      1      2      4      4      4
   ASPE0273      1      1      1      1      1      1      1      3      5      6      6
   VALE0274      1      1      1      1      1      1      1      1      1      1      1
   GLUE0275      1      1      1      1      1      1      1      3      5      7      7
   PHEE0276      1      1      1      1      1      1      1      1      1      1      1
   VALE0277      1      1      1      1      1      1      1      1      1      1      1
   CYDE0278      1      1      1      1      1      1      1      1      1      1      1
   LYSE0279      1      1      1      1      1      1      1      2      4      4      4
   VALE0280      1      1      1      1      1      1      1      1      1      1      1
   TYRE0281      1      1      1      1      1      1      1      2      3     12     12
   SERE0282      1      1      1      1      1      1      1      1      3      5      5
   ASPE0283      1      1      1      1      1      1      1      3      5     14     14
   ALAE0284      1      1      1      1      1      1      1      1      1      1      1
   GLNE0285      1      1      1      1      1      1      1      1      1      1      1
   PROE0286      1      1      1      1      1      1      1      1      1      1      1
   HISE0287      1      1      1      1      1      1      1      3      3      3      3
   ILEE0288      1      1      1      1      1      1      1      1      1      1      1
   GLNE0289      1      1      1      1      1      1      1      1      1      1      1
   TRPE0290      1      1      1      1      1      1      1      1      1      1      1
   ILEE0291      1      1      1      1      1      1      1      1      1      1      1
   LYSE0292      1      1      1      1      1      1      1      2      4      4      4
   HISE0293      1      1      1      1      1      1      1      3      3      3      3
   VALE0294      1      1      1      1      1      1      1      1      1      1      1
   CTRE0294      1      1      1      1      1      1      1      3      5      6      6
   NTRE0307      1      1      1      1      1      1      1      2      4      4      4
   PROE0307      1      1      1      1      1      1      1      1      1      1      1
   TYRE0308      1      1      1      1      1      1      1      2      3      9      9
   LEUE0309      1      1      1      1      1      1      1      1      1      1      1
   LYSE0310      1      1      1      1      1      1      1      2      4      4      4
   VALE0311      1      1      1      1      1      1      1      1      1      1      1
   LEUE0312      1      1      1      1      1      1      1      1      1      1      1
   LYSE0313      1      1      1      1      1      1      1      2      4      4      4
   ALAE0314      1      1      1      1      1      1      1      1      1      1      1
   ALAE0315      1      1      1      1      1      1      1      1      1      1      1
   GLYE0316      0      0      0      0      0      0      0      0      0      0      0
   VALE0317      1      1      1      1      1      1      1      1      1      1      1
   ASNE0318      1      1      1      1      1      1      1      1      1      1      1
   THRE0319      1      1      2      2      2      2      1      1      3      3      3
   THRE0320      1      1      2      2      2      2      2      2      6      9      7
   ASPE0321      1      1      1      1      1      1      1      3      5      8      8
   LYSE0322      1      1      1      1      1      1      1      2      4      4      4
   GLUE0323      1      1      1      1      1      1      1      3      5      8      8
   ILEE0324      1      1      1      1      1      1      1      1      1      1      1
   GLUE0325      1      1      1      1      1      1      1      3      5     12     12
   VALE0326      1      1      1      1      1      1      1      1      1      1      1
   LEUE0327      1      1      1      1      1      1      1      1      1      1      1
   TYRE0328      1      1      1      1      1      1      1      2      3      6      6
   ILEE0329      1      1      1      1      1      1      1      1      1      1      1
   ARGE0330      1      1      1      1      1      1      1      4      6      6      6
   ASNE0331      1      1      1      1      1      1      1      1      1      1      1
   VALE0332      1      1      1      1      1      1      1      1      1      1      1
   THRE0333      1      1      2      2      2      2      1      1      3      4      4
   PHEE0334      1      1      1      1      1      1      1      1      1      2      2
   GLUE0335      1      1      1      1      1      1      1      3      5      7      7
   ASPE0336      1      1      1      1      1      1      1      3      5     10     10
   ALAE0337      1      1      1      1      1      1      1      1      1      1      1
   GLYE0338      0      0      0      0      0      0      0      0      0      0      0
   GLUE0339      1      1      1      1      1      1      1      3      5      7      7
   TYRE0340      1      1      1      1      1      1      1      2      3      5      5
   THRE0341      1      1      2      2      2      2      1      1      3      6      6
   CYDE0342      1      1      1      1      1      1      1      1      1      1      1
   LEUE0343      1      1      1      1      1      1      1      1      1      1      1
   ALAE0344      1      1      1      1      1      1      1      1      1      1      1
   GLYE0345      0      0      0      0      0      0      0      0      0      0      0
   ASNE0346      1      1      1      1      1      1      1      1      1      1      1
   SERE0347      1      1      1      1      1      1      1      1      3      5      5
   ILEE0348      1      1      1      1      1      1      1      1      1      1      1
   GLYE0349      0      0      0      0      0      0      0      0      0      0      0
   ILEE0350      1      1      1      1      1      1      1      1      1      1      1
   SERE0351      1      1      1      1      1      1      1      1      3      5      5
   PHEE0352      1      1      1      1      1      1      1      1      1      1      1
   HISE0353      1      1      1      1      1      1      1      3      3      3      3
   SERE0354      1      1      1      1      1      1      1      1      3      5      5
   ALAE0355      1      1      1      1      1      1      1      1      1      1      1
   TRPE0356      1      1      1      1      1      1      1      1      1      1      1
   LEUE0357      1      1      1      1      1      1      1      1      1      1      1
   THRE0358      1      1      2      2      2      2      2      2      6      8      4
   VALE0359      1      1      1      1      1      1      1      1      1      1      1
   LEUE0360      1      1      1      1      1      1      1      1      1      1      1
   CTRE0360      1      1      1      1      1      1      1      3      5      5      5
   Total       309    309    325    325    325    325    313    519    795   1151   1135
