   Rotamer making statitics:
   Residue   Start  Clean   Swap Rotate   Self  Hbond Repack  Ioni.   TorH     OH  Elect
   NTRA0464      1      1      1      1      1      1      1      2      4      4      4
   GLUA0464      1      1      1      1      1      1      1      3      5      8      8
   LEUA0465      1      1      1      1      1      1      1      1      1      1      1
   PROA0466      1      1      1      1      1      1      1      1      1      1      1
   GLUA0467      1      1      1      1      1      1      1      3      5     16     16
   ASPA0468      1      1      1      1      1      1      1      3      5     21     21
   PROA0469      1      1      1      1      1      1      1      1      1      1      1
   ARGA0470      1      1      1      1      1      1      1      4      6      7      7
   TRPA0471      1      1      1      1      1      1      1      1      1      1      1
   GLUA0472      1      1      1      1      1      1      1      3      5     21     21
   LEUA0473      1      1      1      1      1      1      1      1      1      1      1
   PROA0474      1      1      1      1      1      1      1      1      1      1      1
   ARGA0475      1      1      1      1      1      1      1      4      6      6      6
   ASPA0476      1      1      1      1      1      1      1      3      5      8      8
   ARGA0477      1      1      1      1      1      1      1      4      6      6      6
   LEUA0478      1      1      1      1      1      1      1      1      1      1      1
   VALA0479      1      1      1      1      1      1      1      1      1      1      1
   LEUA0480      1      1      1      1      1      1      1      1      1      1      1
   GLYA0481      0      0      0      0      0      0      0      0      0      0      0
   LYSA0482      1      1      1      1      1      1      1      2      4      4      4
   PROA0483      1      1      1      1      1      1      1      1      1      1      1
   LEUA0484      1      1      1      1      1      1      1      1      1      1      1
   GLYA0485      0      0      0      0      0      0      0      0      0      0      0
   GLUA0486      1      1      1      1      1      1      1      3      5      6      6
   CTRA0486      1      1      1      1      1      1      1      3      5     11     11
   NTRA0489      1      1      1      1      1      1      1      2      4      4      4
   PHEA0489      1      1      1      1      1      1      1      1      1      2      2
   GLYA0490      0      0      0      0      0      0      0      0      0      0      0
   GLNA0491      1      1      1      1      1      1      1      1      1      1      1
   VALA0492      1      1      1      1      1      1      1      1      1      1      1
   VALA0493      1      1      1      1      1      1      1      1      1      1      1
   LEUA0494      1      1      1      1      1      1      1      1      1      1      1
   ALAA0495      1      1      1      1      1      1      1      1      1      1      1
   GLUA0496      1      1      1      1      1      1      1      3      5      5      5
   ALAA0497      1      1      1      1      1      1      1      1      1      1      1
   ILEA0498      1      1      1      1      1      1      1      1      1      1      1
   GLYA0499      0      0      0      0      0      0      0      0      0      0      0
   LEUA0500      1      1      1      1      1      1      1      1      1      1      1
   ASPA0501      1      1      1      1      1      1      1      3      5      6      6
   LYSA0502      1      1      1      1      1      1      1      2      4      4      4
   ASPA0503      1      1      1      1      1      1      1      3      5      6      6
   LYSA0504      1      1      1      1      1      1      1      2      4      8      8
   PROA0505      1      1      1      1      1      1      1      1      1      1      1
   ASNA0506      1      1      1      1      1      1      1      1      1      1      1
   ARGA0507      1      1      1      1      1      1      1      4      6      6      6
   VALA0508      1      1      1      1      1      1      1      1      1      1      1
   THRA0509      1      1      2      2      2      2      1      1      3      3      3
   LYSA0510      1      1      1      1      1      1      1      2      4      4      4
   VALA0511      1      1      1      1      1      1      1      1      1      1      1
   ALAA0512      1      1      1      1      1      1      1      1      1      1      1
   VALA0513      1      1      1      1      1      1      1      1      1      1      1
   LYSA0514      1      1      1      1      1      1      1      2      4      4      4
   META0515      1      1      1      1      1      1      1      1      1      1      1
   LEUA0516      1      1      1      1      1      1      1      1      1      1      1
   LYSA0517      1      1      1      1      1      1      1      2      4      4      4
   SERA0518      1      1      1      1      1      1      1      1      3      3      3
   ASPA0519      1      1      1      1      1      1      1      3      5      6      6
   ALAA0520      1      1      1      1      1      1      1      1      1      1      1
   THRA0521      1      1      2      2      2      2      1      1      3      5      5
   GLUA0522      1      1      1      1      1      1      1      3      5      6      6
   LYSA0523      1      1      1      1      1      1      1      2      4      4      4
   ASPA0524      1      1      1      1      1      1      1      3      5     11     11
   LEUA0525      1      1      1      1      1      1      1      1      1      1      1
   SERA0526      1      1      1      1      1      1      1      1      3      6      6
   ASPA0527      1      1      1      1      1      1      1      3      5     12     12
   LEUA0528      1      1      1      1      1      1      1      1      1      1      1
   ILEA0529      1      1      1      1      1      1      1      1      1      1      1
   SERA0530      1      1      1      1      1      1      1      1      3      6      6
   GLUA0531      1      1      1      1      1      1      1      3      5     18     18
   META0532      1      1      1      1      1      1      1      1      1      1      1
   GLUA0533      1      1      1      1      1      1      1      3      5     11     11
   META0534      1      1      1      1      1      1      1      1      1      1      1
   META0535      1      1      1      1      1      1      1      1      1      1      1
   LYSA0536      1      1      1      1      1      1      1      2      4      7      7
   META0537      1      1      1      1      1      1      1      1      1      2      2
   ILEA0538      1      1      1      1      1      1      1      1      1      1      1
   GLYA0539      0      0      0      0      0      0      0      0      0      0      0
   LYSA0540      1      1      1      1      1      1      1      2      4      4      4
   HISA0541      1      1      1      1      1      1      1      3      3      3      3
   LYSA0542      1      1      1      1      1      1      1      2      4      4      4
   ASNA0543      1      1      1      1      1      1      1      1      1      1      1
   ILEA0544      1      1      1      1      1      1      1      1      1      1      1
   ILEA0545      1      1      1      1      1      1      1      1      1      1      1
   ASNA0546      1      1      1      1      1      1      1      1      1      1      1
   LEUA0547      1      1      1      1      1      1      1      1      1      1      1
   LEUA0548      1      1      1      1      1      1      1      1      1      1      1
   GLYA0549      0      0      0      0      0      0      0      0      0      0      0
   ALAA0550      1      1      1      1      1      1      1      1      1      1      1
   CYSA0551      1      1      1      1      1      1      1      2      4      5      5
   THRA0552      1      1      2      2      2      2      1      1      3      6      6
   GLNA0553      1      1      1      1      1      1      1      1      1      1      1
   ASPA0554      1      1      1      1      1      1      1      3      5      5      5
   GLYA0555      0      0      0      0      0      0      0      0      0      0      0
   PROA0556      1      1      1      1      1      1      1      1      1      1      1
   LEUA0557      1      1      1      1      1      1      1      1      1      1      1
   TYRA0558      1      1      1      1      1      1      1      2      3      6      6
   VALA0559      1      1      1      1      1      1      1      1      1      1      1
   ILEA0560      1      1      1      1      1      1      1      1      1      1      1
   VALA0561      1      1      1      1      1      1      1      1      1      1      1
   GLUA0562      1      1      1      1      1      1      1      3      5     12     12
   TYRA0563      1      1      1      1      1      1      1      2      3      5      5
   ALAA0564      1      1      1      1      1      1      1      1      1      1      1
   SERA0565      1      1      1      1      1      1      1      1      3      4      4
   LYSA0566      1      1      1      1      1      1      1      2      4      4      4
   GLYA0567      0      0      0      0      0      0      0      0      0      0      0
   ASNA0568      1      1      1      1      1      1      1      1      1      1      1
   LEUA0569      1      1      1      1      1      1      1      1      1      1      1
   ARGA0570      1      1      1      1      1      1      1      4      6     12     12
   GLUA0571      1      1      1      1      1      1      1      3      5      7      7
   TYRA0572      1      1      1      1      1      1      1      2      3      6      6
   LEUA0573      1      1      1      1      1      1      1      1      1      1      1
   GLNA0574      1      1      1      1      1      1      1      1      1      2      2
   ALAA0575      1      1      1      1      1      1      1      1      1      1      1
   ARGA0576      1      1      1      1      1      1      1      4      6      6      6
   ARGA0577      1      1      1      1      1      1      1      4      6     12     12
   PROA0578      1      1      1      1      1      1      1      1      1      1      1
   PROA0579      1      1      1      1      1      1      1      1      1      1      1
   GLYA0580      0      0      0      0      0      0      0      0      0      0      0
   LEUA0581      1      1      1      1      1      1      1      1      1      1      1
   GLUA0582      1      1      1      1      1      1      1      3      5     11     11
   TYRA0583      1      1      1      1      1      1      1      2      3      7      7
   SERA0584      1      1      1      1      1      1      1      1      3      6      6
   TYRA0585      1      1      1      1      1      1      1      2      3     10     10
   ASNA0586      1      1      1      1      1      1      1      1      1      1      1
   PROA0587      1      1      1      1      1      1      1      1      1      1      1
   SERA0588      1      1      1      1      1      1      1      1      3      3      3
   HISA0589      1      1      1      1      1      1      1      3      3      3      3
   ASNA0590      1      1      1      1      1      1      1      1      1      1      1
   PROA0591      1      1      1      1      1      1      1      1      1      1      1
   GLUA0592      1      1      1      1      1      1      1      3      5      7      7
   GLUA0593      1      1      1      1      1      1      1      3      5     24     24
   GLNA0594      1      1      1      1      1      1      1      1      1      1      1
   LEUA0595      1      1      1      1      1      1      1      1      1      1      1
   SERA0596      1      1      1      1      1      1      1      1      3      6      6
   SERA0597      1      1      1      1      1      1      1      1      3      6      6
   LYSA0598      1      1      1      1      1      1      1      2      4      4      4
   ASPA0599      1      1      1      1      1      1      1      3      5      8      8
   LEUA0600      1      1      1      1      1      1      1      1      1      1      1
   VALA0601      1      1      1      1      1      1      1      1      1      1      1
   SERA0602      1      1      1      1      1      1      1      1      3      6      6
   CYSA0603      1      1      1      1      1      1      1      2      4      6      6
   ALAA0604      1      1      1      1      1      1      1      1      1      1      1
   TYRA0605      1      1      1      1      1      1      1      2      3      7      7
   GLNA0606      1      1      1      1      1      1      1      1      1      1      1
   VALA0607      1      1      1      1      1      1      1      1      1      1      1
   ALAA0608      1      1      1      1      1      1      1      1      1      1      1
   ARGA0609      1      1      1      1      1      1      1      4      6      6      6
   GLYA0610      0      0      0      0      0      0      0      0      0      0      0
   META0611      1      1      1      1      1      1      1      1      1      1      1
   GLUA0612      1      1      1      1      1      1      1      3      5      8      8
   TYRA0613      1      1      1      1      1      1      1      2      3      6      6
   LEUA0614      1      1      1      1      1      1      1      1      1      1      1
   ALAA0615      1      1      1      1      1      1      1      1      1      1      1
   SERA0616      1      1      1      1      1      1      1      1      3      9      9
   LYSA0617      1      1      1      1      1      1      1      2      4      4      4
   LYSA0618      1      1      1      1      1      1      1      2      4      4      4
   CYSA0619      1      1      1      1      1      1      1      2      4      4      4
   ILEA0620      1      1      1      1      1      1      1      1      1      1      1
   HISA0621      1      1      1      1      1      1      1      3      3      3      3
   ARGA0622      1      1      1      1      1      1      1      4      6      6      6
   ASPA0623      1      1      1      1      1      1      1      3      5     10     10
   LEUA0624      1      1      1      1      1      1      1      1      1      1      1
   ALAA0625      1      1      1      1      1      1      1      1      1      1      1
   ALAA0626      1      1      1      1      1      1      1      1      1      1      1
   ARGA0627      1      1      1      1      1      1      1      4      6      6      6
   ASNA0628      1      1      1      1      1      1      1      1      1      1      1
   VALA0629      1      1      1      1      1      1      1      1      1      1      1
   LEUA0630      1      1      1      1      1      1      1      1      1      1      1
   VALA0631      1      1      1      1      1      1      1      1      1      1      1
   THRA0632      1      1      2      2      2      2      1      1      3      6      6
   GLUA0633      1      1      1      1      1      1      1      3      5     11     11
   ASPA0634      1      1      1      1      1      1      1      3      5      8      8
   ASNA0635      1      1      1      1      1      1      1      1      1      1      1
   VALA0636      1      1      1      1      1      1      1      1      1      1      1
   META0637      1      1      1      1      1      1      1      1      1      1      1
   LYSA0638      1      1      1      1      1      1      1      2      4      4      4
   ILEA0639      1      1      1      1      1      1      1      1      1      1      1
   ALAA0640      1      1      1      1      1      1      1      1      1      1      1
   ASPA0641      1      1      1      1      1      1      1      3      5     11     11
   PHEA0642      1      1      1      1      1      1      1      1      1      1      1
   GLYA0643      0      0      0      0      0      0      0      0      0      0      0
   LEUA0644      1      1      1      1      1      1      1      1      1      1      1
   CTRA0644      1      1      1      1      1      1      1      3      5     11     11
   NTRA0651      1      1      1      1      1      1      1      2      4      4      4
   ILEA0651      1      1      1      1      1      1      1      1      1      1      1
   ASPA0652      1      1      1      1      1      1      1      3      5      7      7
   TYRA0653      1      1      1      1      1      1      1      2      3      5      5
   TYRA0654      1      1      1      1      1      1      1      2      3      7      7
   LYSA0655      1      1      1      1      1      1      1      2      4      4      4
   LYSA0656      1      1      1      1      1      1      1      2      4      4      4
   THRA0657      1      1      2      2      2      2      1      1      3      5      5
   THRA0658      1      1      2      2      2      2      2      2      6     10      4
   ASNA0659      1      1      1      1      1      1      1      1      1      1      1
   GLYA0660      0      0      0      0      0      0      0      0      0      0      0
   ARGA0661      1      1      1      1      1      1      1      4      6     12     12
   LEUA0662      1      1      1      1      1      1      1      1      1      1      1
   PROA0663      1      1      1      1      1      1      1      1      1      1      1
   VALA0664      1      1      1      1      1      1      1      1      1      1      1
   LYSA0665      1      1      1      1      1      1      1      2      4      4      4
   TRPA0666      1      1      1      1      1      1      1      1      1      1      1
   META0667      1      1      1      1      1      1      1      1      1      1      1
   ALAA0668      1      1      1      1      1      1      1      1      1      1      1
   PROA0669      1      1      1      1      1      1      1      1      1      1      1
   GLUA0670      1      1      1      1      1      1      1      3      5     30     30
   ALAA0671      1      1      1      1      1      1      1      1      1      1      1
   LEUA0672      1      1      1      1      1      1      1      1      1      1      1
   PHEA0673      1      1      1      1      1      1      1      1      1      1      1
   ASPA0674      1      1      1      1      1      1      1      3      5     10     10
   ARGA0675      1      1      1      1      1      1      1      4      6      6      6
   ILEA0676      1      1      1      1      1      1      1      1      1      1      1
   TYRA0677      1      1      1      1      1      1      1      2      3      7      7
   THRA0678      1      1      2      2      2      2      1      1      3      4      4
   HISA0679      1      1      1      1      1      1      1      3      3      3      3
   GLNA0680      1      1      1      1      1      1      1      1      1      1      1
   SERA0681      1      1      1      1      1      1      1      1      3      5      5
   ASPA0682      1      1      1      1      1      1      1      3      5     20     20
   VALA0683      1      1      1      1      1      1      1      1      1      1      1
   TRPA0684      1      1      1      1      1      1      1      1      1      1      1
   SERA0685      1      1      1      1      1      1      1      1      3      6      6
   PHEA0686      1      1      1      1      1      1      1      1      1      1      1
   GLYA0687      0      0      0      0      0      0      0      0      0      0      0
   VALA0688      1      1      1      1      1      1      1      1      1      1      1
   LEUA0689      1      1      1      1      1      1      1      1      1      1      1
   LEUA0690      1      1      1      1      1      1      1      1      1      1      1
   TRPA0691      1      1      1      1      1      1      1      1      1      1      1
   GLUA0692      1      1      1      1      1      1      1      3      5      6      6
   ILEA0693      1      1      1      1      1      1      1      1      1      1      1
   PHEA0694      1      1      1      1      1      1      1      1      1      1      1
   THRA0695      1      1      2      2      2      2      1      1      3      5      5
   LEUA0696      1      1      1      1      1      1      1      1      1      1      1
   GLYA0697      0      0      0      0      0      0      0      0      0      0      0
   GLYA0698      0      0      0      0      0      0      0      0      0      0      0
   SERA0699      1      1      1      1      1      1      1      1      3      5      5
   PROA0700      1      1      1      1      1      1      1      1      1      1      1
   TYRA0701      1      1      1      1      1      1      1      2      3      4      4
   PROA0702      1      1      1      1      1      1      1      1      1      1      1
   GLYA0703      0      0      0      0      0      0      0      0      0      0      0
   VALA0704      1      1      1      1      1      1      1      1      1      1      1
   PROA0705      1      1      1      1      1      1      1      1      1      1      1
   VALA0706      1      1      1      1      1      1      1      1      1      1      1
   GLUA0707      1      1      1      1      1      1      1      3      5      8      8
   GLUA0708      1      1      1      1      1      1      1      3      5     11     11
   LEUA0709      1      1      1      1      1      1      1      1      1      1      1
   PHEA0710      1      1      1      1      1      1      1      1      1      1      1
   LYSA0711      1      1      1      1      1      1      1      2      4      4      4
   LEUA0712      1      1      1      1      1      1      1      1      1      1      1
   LEUA0713      1      1      1      1      1      1      1      1      1      1      1
   LYSA0714      1      1      1      1      1      1      1      2      4      4      4
   GLUA0715      1      1      1      1      1      1      1      3      5      7      7
   GLYA0716      0      0      0      0      0      0      0      0      0      0      0
   HISA0717      1      1      1      1      1      1      1      3      3      3      3
   ARGA0718      1      1      1      1      1      1      1      4      6      6      6
   META0719      1      1      1      1      1      1      1      1      1      1      1
   ASPA0720      1      1      1      1      1      1      1      3      5      8      8
   LYSA0721      1      1      1      1      1      1      1      2      4      4      4
   PROA0722      1      1      1      1      1      1      1      1      1      1      1
   SERA0723      1      1      1      1      1      1      1      1      3      5      5
   ASNA0724      1      1      1      1      1      1      1      1      1      1      1
   CYSA0725      1      1      1      1      1      1      1      2      4      6      6
   THRA0726      1      1      2      2      2      2      1      1      3      5      5
   ASNA0727      1      1      1      1      1      1      1      1      1      1      1
   GLUA0728      1      1      1      1      1      1      1      3      5     10     10
   LEUA0729      1      1      1      1      1      1      1      1      1      1      1
   TYRA0730      1      1      1      1      1      1      1      2      3      5      5
   META0731      1      1      1      1      1      1      1      1      1      1      1
   META0732      1      1      1      1      1      1      1      1      1      1      1
   META0733      1      1      1      1      1      1      1      1      1      1      1
   ARGA0734      1      1      1      1      1      1      1      4      6      6      6
   ASPA0735      1      1      1      1      1      1      1      3      5      6      6
   CYSA0736      1      1      1      1      1      1      1      2      4      5      5
   TRPA0737      1      1      1      1      1      1      1      1      1      1      1
   HISA0738      1      1      1      1      1      1      1      3      3      3      3
   ALAA0739      1      1      1      1      1      1      1      1      1      1      1
   VALA0740      1      1      1      1      1      1      1      1      1      1      1
   PROA0741      1      1      1      1      1      1      1      1      1      1      1
   SERA0742      1      1      1      1      1      1      1      1      3      3      3
   GLNA0743      1      1      1      1      1      1      1      1      1      1      1
   ARGA0744      1      1      1      1      1      1      1      4      6     12     12
   PROA0745      1      1      1      1      1      1      1      1      1      1      1
   THRA0746      1      1      2      2      2      2      1      1      3      3      3
   PHEA0747      1      1      1      1      1      1      1      1      1      1      1
   LYSA0748      1      1      1      1      1      1      1      2      4      4      4
   GLNA0749      1      1      1      1      1      1      1      1      1      2      2
   LEUA0750      1      1      1      1      1      1      1      1      1      1      1
   VALA0751      1      1      1      1      1      1      1      1      1      1      1
   GLUA0752      1      1      1      1      1      1      1      3      5     10     10
   ASPA0753      1      1      1      1      1      1      1      3      5      9      9
   LEUA0754      1      1      1      1      1      1      1      1      1      1      1
   ASPA0755      1      1      1      1      1      1      1      3      5     12     12
   ARGA0756      1      1      1      1      1      1      1      4      6      7      7
   ILEA0757      1      1      1      1      1      1      1      1      1      1      1
   VALA0758      1      1      1      1      1      1      1      1      1      1      1
   ALAA0759      1      1      1      1      1      1      1      1      1      1      1
   LEUA0760      1      1      1      1      1      1      1      1      1      1      1
   THRA0761      1      1      2      2      2      2      2      2      6      8      6
   SERA0762      1      1      1      1      1      1      1      1      3      5      5
   ASNA0763      1      1      1      1      1      1      1      1      1      1      1
   GLNA0764      1      1      1      1      1      1      1      1      1      1      1
   GLUA0765      1      1      1      1      1      1      1      3      5      7      7
   CTRA0765      1      1      1      1      1      1      1      3      5     12     12
   SO4A1766      1      1      1      1      1      1      1      2      2      2      2
   EDOA1770      0      0      0      0      0      0      0      0      0      0      0
   EDOA1771      0      0      0      0      0      0      0      0      0      0      0
   EDOA1772      0      0      0      0      0      0      0      0      0      0      0
   EDOA1773      0      0      0      0      0      0      0      0      0      0      0
   XOJA1774      0      0      0      0      0      0      0      0      0      0      0
   EDOA1776      0      0      0      0      0      0      0      0      0      0      0
   NTGB0459      1      1      1      1      1      1      1      2      2      2      2
   GLYB0459      0      0      0      0      0      0      0      0      0      0      0
   ALAB0460      1      1      1      1      1      1      1      1      1      1      1
   SERB0461      1      1      1      1      1      1      1      1      3      8      8
   GLUB0462      1      1      1      1      1      1      1      3      5      6      6
   TYRB0463      1      1      1      1      1      1      1      2      3      5      5
   GLUB0464      1      1      1      1      1      1      1      3      5      6      6
   LEUB0465      1      1      1      1      1      1      1      1      1      1      1
   PROB0466      1      1      1      1      1      1      1      1      1      1      1
   GLUB0467      1      1      1      1      1      1      1      3      5      7      7
   ASPB0468      1      1      1      1      1      1      1      3      5     21     21
   PROB0469      1      1      1      1      1      1      1      1      1      1      1
   ARGB0470      1      1      1      1      1      1      1      4      6      6      6
   TRPB0471      1      1      1      1      1      1      1      1      1      1      1
   GLUB0472      1      1      1      1      1      1      1      3      5     19     19
   LEUB0473      1      1      1      1      1      1      1      1      1      1      1
   PROB0474      1      1      1      1      1      1      1      1      1      1      1
   ARGB0475      1      1      1      1      1      1      1      4      6      6      6
   ASPB0476      1      1      1      1      1      1      1      3      5     10     10
   ARGB0477      1      1      1      1      1      1      1      4      6      7      7
   LEUB0478      1      1      1      1      1      1      1      1      1      1      1
   VALB0479      1      1      1      1      1      1      1      1      1      1      1
   LEUB0480      1      1      1      1      1      1      1      1      1      1      1
   GLYB0481      0      0      0      0      0      0      0      0      0      0      0
   LYSB0482      1      1      1      1      1      1      1      2      4      4      4
   PROB0483      1      1      1      1      1      1      1      1      1      1      1
   LEUB0484      1      1      1      1      1      1      1      1      1      1      1
   GLYB0485      0      0      0      0      0      0      0      0      0      0      0
   GLUB0486      1      1      1      1      1      1      1      3      5      7      7
   GLYB0487      0      0      0      0      0      0      0      0      0      0      0
   ALAB0488      1      1      1      1      1      1      1      1      1      1      1
   PHEB0489      1      1      1      1      1      1      1      1      1      1      1
   GLYB0490      0      0      0      0      0      0      0      0      0      0      0
   GLNB0491      1      1      1      1      1      1      1      1      1      1      1
   VALB0492      1      1      1      1      1      1      1      1      1      1      1
   VALB0493      1      1      1      1      1      1      1      1      1      1      1
   LEUB0494      1      1      1      1      1      1      1      1      1      1      1
   ALAB0495      1      1      1      1      1      1      1      1      1      1      1
   GLUB0496      1      1      1      1      1      1      1      3      5      5      5
   ALAB0497      1      1      1      1      1      1      1      1      1      1      1
   ILEB0498      1      1      1      1      1      1      1      1      1      1      1
   GLYB0499      0      0      0      0      0      0      0      0      0      0      0
   LEUB0500      1      1      1      1      1      1      1      1      1      1      1
   ASPB0501      1      1      1      1      1      1      1      3      5      5      5
   CTRB0501      1      1      1      1      1      1      1      3      5      5      5
   NTRB0505      1      1      1      1      1      1      1      2      4      4      4
   PROB0505      1      1      1      1      1      1      1      1      1      1      1
   ASNB0506      1      1      1      1      1      1      1      1      1      1      1
   ARGB0507      1      1      1      1      1      1      1      4      6      6      6
   VALB0508      1      1      1      1      1      1      1      1      1      1      1
   THRB0509      1      1      2      2      2      2      1      1      3      3      3
   LYSB0510      1      1      1      1      1      1      1      2      4      4      4
   VALB0511      1      1      1      1      1      1      1      1      1      1      1
   ALAB0512      1      1      1      1      1      1      1      1      1      1      1
   VALB0513      1      1      1      1      1      1      1      1      1      1      1
   LYSB0514      1      1      1      1      1      1      1      2      4      5      5
   METB0515      1      1      1      1      1      1      1      1      1      1      1
   LEUB0516      1      1      1      1      1      1      1      1      1      1      1
   LYSB0517      1      1      1      1      1      1      1      2      4      4      4
   SERB0518      1      1      1      1      1      1      1      1      3      4      4
   ASPB0519      1      1      1      1      1      1      1      3      5      7      7
   ALAB0520      1      1      1      1      1      1      1      1      1      1      1
   THRB0521      1      1      2      2      2      2      1      1      3      4      4
   GLUB0522      1      1      1      1      1      1      1      3      5      8      8
   LYSB0523      1      1      1      1      1      1      1      2      4      4      4
   ASPB0524      1      1      1      1      1      1      1      3      5      9      9
   LEUB0525      1      1      1      1      1      1      1      1      1      1      1
   SERB0526      1      1      1      1      1      1      1      1      3      6      6
   ASPB0527      1      1      1      1      1      1      1      3      5     13     13
   LEUB0528      1      1      1      1      1      1      1      1      1      1      1
   ILEB0529      1      1      1      1      1      1      1      1      1      1      1
   SERB0530      1      1      1      1      1      1      1      1      3      6      6
   GLUB0531      1      1      1      1      1      1      1      3      5     16     16
   METB0532      1      1      1      1      1      1      1      1      1      1      1
   GLUB0533      1      1      1      1      1      1      1      3      5     17     17
   METB0534      1      1      1      1      1      1      1      1      1      2      2
   METB0535      1      1      1      1      1      1      1      1      1      1      1
   LYSB0536      1      1      1      1      1      1      1      2      4      4      4
   METB0537      1      1      1      1      1      1      1      1      1      2      2
   ILEB0538      1      1      1      1      1      1      1      1      1      1      1
   GLYB0539      0      0      0      0      0      0      0      0      0      0      0
   LYSB0540      1      1      1      1      1      1      1      2      4      4      4
   HISB0541      1      1      1      1      1      1      1      3      3      3      3
   LYSB0542      1      1      1      1      1      1      1      2      4      4      4
   ASNB0543      1      1      1      1      1      1      1      1      1      1      1
   ILEB0544      1      1      1      1      1      1      1      1      1      1      1
   ILEB0545      1      1      1      1      1      1      1      1      1      1      1
   ASNB0546      1      1      1      1      1      1      1      1      1      1      1
   LEUB0547      1      1      1      1      1      1      1      1      1      1      1
   LEUB0548      1      1      1      1      1      1      1      1      1      1      1
   GLYB0549      0      0      0      0      0      0      0      0      0      0      0
   ALAB0550      1      1      1      1      1      1      1      1      1      1      1
   CYSB0551      1      1      1      1      1      1      1      2      4      5      5
   THRB0552      1      1      2      2      2      2      1      1      3      5      5
   GLNB0553      1      1      1      1      1      1      1      1      1      1      1
   ASPB0554      1      1      1      1      1      1      1      3      5      5      5
   GLYB0555      0      0      0      0      0      0      0      0      0      0      0
   PROB0556      1      1      1      1      1      1      1      1      1      1      1
   LEUB0557      1      1      1      1      1      1      1      1      1      1      1
   TYRB0558      1      1      1      1      1      1      1      2      3      7      7
   VALB0559      1      1      1      1      1      1      1      1      1      1      1
   ILEB0560      1      1      1      1      1      1      1      1      1      1      1
   VALB0561      1      1      1      1      1      1      1      1      1      1      1
   GLUB0562      1      1      1      1      1      1      1      3      5     12     12
   TYRB0563      1      1      1      1      1      1      1      2      3      5      5
   ALAB0564      1      1      1      1      1      1      1      1      1      1      1
   SERB0565      1      1      1      1      1      1      1      1      3      4      4
   LYSB0566      1      1      1      1      1      1      1      2      4      4      4
   GLYB0567      0      0      0      0      0      0      0      0      0      0      0
   ASNB0568      1      1      1      1      1      1      1      1      1      1      1
   LEUB0569      1      1      1      1      1      1      1      1      1      1      1
   ARGB0570      1      1      1      1      1      1      1      4      6     12     12
   GLUB0571      1      1      1      1      1      1      1      3      5      8      8
   TYRB0572      1      1      1      1      1      1      1      2      3      7      7
   LEUB0573      1      1      1      1      1      1      1      1      1      1      1
   GLNB0574      1      1      1      1      1      1      1      1      1      1      1
   ALAB0575      1      1      1      1      1      1      1      1      1      1      1
   ARGB0576      1      1      1      1      1      1      1      4      6      6      6
   ARGB0577      1      1      1      1      1      1      1      4      6      7      7
   PROB0578      1      1      1      1      1      1      1      1      1      1      1
   PROB0579      1      1      1      1      1      1      1      1      1      1      1
   CTRB0579      1      1      1      1      1      1      1      3      5      5      5
   NTRB0593      1      1      1      1      1      1      1      2      4      4      4
   GLUB0593      1      1      1      1      1      1      1      3      5     11     11
   GLNB0594      1      1      1      1      1      1      1      1      1      1      1
   LEUB0595      1      1      1      1      1      1      1      1      1      1      1
   SERB0596      1      1      1      1      1      1      1      1      3      6      6
   SERB0597      1      1      1      1      1      1      1      1      3      5      5
   LYSB0598      1      1      1      1      1      1      1      2      4      4      4
   ASPB0599      1      1      1      1      1      1      1      3      5      9      9
   LEUB0600      1      1      1      1      1      1      1      1      1      1      1
   VALB0601      1      1      1      1      1      1      1      1      1      1      1
   SERB0602      1      1      1      1      1      1      1      1      3      6      6
   CYSB0603      1      1      1      1      1      1      1      2      4      6      6
   ALAB0604      1      1      1      1      1      1      1      1      1      1      1
   TYRB0605      1      1      1      1      1      1      1      2      3      7      7
   GLNB0606      1      1      1      1      1      1      1      1      1      1      1
   VALB0607      1      1      1      1      1      1      1      1      1      1      1
   ALAB0608      1      1      1      1      1      1      1      1      1      1      1
   ARGB0609      1      1      1      1      1      1      1      4      6      7      7
   GLYB0610      0      0      0      0      0      0      0      0      0      0      0
   METB0611      1      1      1      1      1      1      1      1      1      1      1
   GLUB0612      1      1      1      1      1      1      1      3      5      9      9
   TYRB0613      1      1      1      1      1      1      1      2      3      6      6
   LEUB0614      1      1      1      1      1      1      1      1      1      1      1
   ALAB0615      1      1      1      1      1      1      1      1      1      1      1
   SERB0616      1      1      1      1      1      1      1      1      3      4      4
   LYSB0617      1      1      1      1      1      1      1      2      4      4      4
   LYSB0618      1      1      1      1      1      1      1      2      4      4      4
   CYSB0619      1      1      1      1      1      1      1      2      4      4      4
   ILEB0620      1      1      1      1      1      1      1      1      1      1      1
   HISB0621      1      1      1      1      1      1      1      3      3      3      3
   ARGB0622      1      1      1      1      1      1      1      4      6      6      6
   ASPB0623      1      1      1      1      1      1      1      3      5     17     17
   LEUB0624      1      1      1      1      1      1      1      1      1      1      1
   ALAB0625      1      1      1      1      1      1      1      1      1      1      1
   ALAB0626      1      1      1      1      1      1      1      1      1      1      1
   ARGB0627      1      1      1      1      1      1      1      4      6      6      6
   ASNB0628      1      1      1      1      1      1      1      1      1      1      1
   VALB0629      1      1      1      1      1      1      1      1      1      1      1
   LEUB0630      1      1      1      1      1      1      1      1      1      1      1
   VALB0631      1      1      1      1      1      1      1      1      1      1      1
   THRB0632      1      1      2      2      2      2      1      1      3      6      6
   GLUB0633      1      1      1      1      1      1      1      3      5     11     11
   ASPB0634      1      1      1      1      1      1      1      3      5      8      8
   ASNB0635      1      1      1      1      1      1      1      1      1      1      1
   VALB0636      1      1      1      1      1      1      1      1      1      1      1
   METB0637      1      1      1      1      1      1      1      1      1      1      1
   LYSB0638      1      1      1      1      1      1      1      2      4      4      4
   ILEB0639      1      1      1      1      1      1      1      1      1      1      1
   ALAB0640      1      1      1      1      1      1      1      1      1      1      1
   ASPB0641      1      1      1      1      1      1      1      3      5     10     10
   PHEB0642      1      1      1      1      1      1      1      1      1      1      1
   GLYB0643      0      0      0      0      0      0      0      0      0      0      0
   LEUB0644      1      1      1      1      1      1      1      1      1      1      1
   ALAB0645      1      1      1      1      1      1      1      1      1      1      1
   CTRB0645      1      1      1      1      1      1      1      3      5      5      5
   NTRB0651      1      1      1      1      1      1      1      2      4      4      4
   ILEB0651      1      1      1      1      1      1      1      1      1      1      1
   ASPB0652      1      1      1      1      1      1      1      3      5      8      8
   TYRB0653      1      1      1      1      1      1      1      2      3      7      7
   TYRB0654      1      1      1      1      1      1      1      2      3      7      7
   LYSB0655      1      1      1      1      1      1      1      2      4      4      4
   LYSB0656      1      1      1      1      1      1      1      2      4      4      4
   THRB0657      1      1      2      2      2      2      1      1      3      5      5
   THRB0658      1      1      2      2      2      2      2      2      6     10      5
   ASNB0659      1      1      1      1      1      1      1      1      1      1      1
   GLYB0660      0      0      0      0      0      0      0      0      0      0      0
   ARGB0661      1      1      1      1      1      1      1      4      6      6      6
   LEUB0662      1      1      1      1      1      1      1      1      1      1      1
   PROB0663      1      1      1      1      1      1      1      1      1      1      1
   VALB0664      1      1      1      1      1      1      1      1      1      1      1
   LYSB0665      1      1      1      1      1      1      1      2      4      4      4
   TRPB0666      1      1      1      1      1      1      1      1      1      1      1
   METB0667      1      1      1      1      1      1      1      1      1      1      1
   ALAB0668      1      1      1      1      1      1      1      1      1      1      1
   PROB0669      1      1      1      1      1      1      1      1      1      1      1
   GLUB0670      1      1      1      1      1      1      1      3      5     28     28
   ALAB0671      1      1      1      1      1      1      1      1      1      1      1
   LEUB0672      1      1      1      1      1      1      1      1      1      1      1
   PHEB0673      1      1      1      1      1      1      1      1      1      1      1
   ASPB0674      1      1      1      1      1      1      1      3      5      8      8
   ARGB0675      1      1      1      1      1      1      1      4      6      6      6
   ILEB0676      1      1      1      1      1      1      1      1      1      1      1
   TYRB0677      1      1      1      1      1      1      1      2      3      6      6
   THRB0678      1      1      2      2      2      2      1      1      3      4      4
   HISB0679      1      1      1      1      1      1      1      3      3      3      3
   GLNB0680      1      1      1      1      1      1      1      1      1      1      1
   SERB0681      1      1      1      1      1      1      1      1      3      5      5
   ASPB0682      1      1      1      1      1      1      1      3      5     12     12
   VALB0683      1      1      1      1      1      1      1      1      1      1      1
   TRPB0684      1      1      1      1      1      1      1      1      1      1      1
   SERB0685      1      1      1      1      1      1      1      1      3      6      6
   PHEB0686      1      1      1      1      1      1      1      1      1      1      1
   GLYB0687      0      0      0      0      0      0      0      0      0      0      0
   VALB0688      1      1      1      1      1      1      1      1      1      1      1
   LEUB0689      1      1      1      1      1      1      1      1      1      1      1
   LEUB0690      1      1      1      1      1      1      1      1      1      1      1
   TRPB0691      1      1      1      1      1      1      1      1      1      1      1
   GLUB0692      1      1      1      1      1      1      1      3      5      6      6
   ILEB0693      1      1      1      1      1      1      1      1      1      1      1
   PHEB0694      1      1      1      1      1      1      1      1      1      1      1
   THRB0695      1      1      2      2      2      2      1      1      3      5      5
   LEUB0696      1      1      1      1      1      1      1      1      1      1      1
   GLYB0697      0      0      0      0      0      0      0      0      0      0      0
   GLYB0698      0      0      0      0      0      0      0      0      0      0      0
   SERB0699      1      1      1      1      1      1      1      1      3      5      5
   PROB0700      1      1      1      1      1      1      1      1      1      1      1
   TYRB0701      1      1      1      1      1      1      1      2      3      4      4
   PROB0702      1      1      1      1      1      1      1      1      1      1      1
   GLYB0703      0      0      0      0      0      0      0      0      0      0      0
   VALB0704      1      1      1      1      1      1      1      1      1      1      1
   PROB0705      1      1      1      1      1      1      1      1      1      1      1
   VALB0706      1      1      1      1      1      1      1      1      1      1      1
   GLUB0707      1      1      1      1      1      1      1      3      5     10     10
   GLUB0708      1      1      1      1      1      1      1      3      5     10     10
   LEUB0709      1      1      1      1      1      1      1      1      1      1      1
   PHEB0710      1      1      1      1      1      1      1      1      1      1      1
   LYSB0711      1      1      1      1      1      1      1      2      4      4      4
   LEUB0712      1      1      1      1      1      1      1      1      1      1      1
   LEUB0713      1      1      1      1      1      1      1      1      1      1      1
   LYSB0714      1      1      1      1      1      1      1      2      4      4      4
   GLUB0715      1      1      1      1      1      1      1      3      5      8      8
   GLYB0716      0      0      0      0      0      0      0      0      0      0      0
   HISB0717      1      1      1      1      1      1      1      3      3      3      3
   ARGB0718      1      1      1      1      1      1      1      4      6      6      6
   METB0719      1      1      1      1      1      1      1      1      1      1      1
   ASPB0720      1      1      1      1      1      1      1      3      5      8      8
   LYSB0721      1      1      1      1      1      1      1      2      4      8      8
   PROB0722      1      1      1      1      1      1      1      1      1      1      1
   SERB0723      1      1      1      1      1      1      1      1      3      5      5
   ASNB0724      1      1      1      1      1      1      1      1      1      1      1
   CYSB0725      1      1      1      1      1      1      1      2      4      6      6
   THRB0726      1      1      2      2      2      2      1      1      3      4      4
   ASNB0727      1      1      1      1      1      1      1      1      1      1      1
   GLUB0728      1      1      1      1      1      1      1      3      5     13     13
   LEUB0729      1      1      1      1      1      1      1      1      1      1      1
   TYRB0730      1      1      1      1      1      1      1      2      3      7      7
   METB0731      1      1      1      1      1      1      1      1      1      1      1
   METB0732      1      1      1      1      1      1      1      1      1      1      1
   METB0733      1      1      1      1      1      1      1      1      1      1      1
   ARGB0734      1      1      1      1      1      1      1      4      6      6      6
   ASPB0735      1      1      1      1      1      1      1      3      5     12     12
   CYSB0736      1      1      1      1      1      1      1      2      4      6      6
   TRPB0737      1      1      1      1      1      1      1      1      1      1      1
   HISB0738      1      1      1      1      1      1      1      3      3      6      6
   ALAB0739      1      1      1      1      1      1      1      1      1      1      1
   VALB0740      1      1      1      1      1      1      1      1      1      1      1
   PROB0741      1      1      1      1      1      1      1      1      1      1      1
   SERB0742      1      1      1      1      1      1      1      1      3      3      3
   GLNB0743      1      1      1      1      1      1      1      1      1      1      1
   ARGB0744      1      1      1      1      1      1      1      4      6     12     12
   PROB0745      1      1      1      1      1      1      1      1      1      1      1
   THRB0746      1      1      2      2      2      2      1      1      3      4      4
   PHEB0747      1      1      1      1      1      1      1      1      1      1      1
   LYSB0748      1      1      1      1      1      1      1      2      4      4      4
   GLNB0749      1      1      1      1      1      1      1      1      1      1      1
   LEUB0750      1      1      1      1      1      1      1      1      1      1      1
   VALB0751      1      1      1      1      1      1      1      1      1      1      1
   GLUB0752      1      1      1      1      1      1      1      3      5     25     25
   ASPB0753      1      1      1      1      1      1      1      3      5     10     10
   LEUB0754      1      1      1      1      1      1      1      1      1      1      1
   ASPB0755      1      1      1      1      1      1      1      3      5     15     15
   ARGB0756      1      1      1      1      1      1      1      4      6     12     12
   ILEB0757      1      1      1      1      1      1      1      1      1      1      1
   VALB0758      1      1      1      1      1      1      1      1      1      1      1
   ALAB0759      1      1      1      1      1      1      1      1      1      1      1
   LEUB0760      1      1      1      1      1      1      1      1      1      1      1
   THRB0761      1      1      2      2      2      2      1      1      3      6      6
   SERB0762      1      1      1      1      1      1      1      1      3      5      5
   ASNB0763      1      1      1      1      1      1      1      1      1      1      1
   GLNB0764      1      1      1      1      1      1      1      1      1      1      1
   GLUB0765      1      1      1      1      1      1      1      3      5      7      7
   CTRB0765      1      1      1      1      1      1      1      3      5     11     11
   SO4B1766      1      1      1      1      1      1      1      2      2      2      2
   EDOB1767      0      0      0      0      0      0      0      0      0      0      0
   EDOB1768      0      0      0      0      0      0      0      0      0      0      0
   EDOB1769      0      0      0      0      0      0      0      0      0      0      0
   EDOB1770      0      0      0      0      0      0      0      0      0      0      0
   EDOB1771      0      0      0      0      0      0      0      0      0      0      0
   XOJB1772      0      0      0      0      0      0      0      0      0      0      0
   Total       561    561    583    583    583    583    564    944   1437   2197   2184
