   Rotamer making statitics:
   Residue   Start  Clean   Swap Rotate   Self  Hbond Repack  Ioni.   TorH     OH  Elect
   NTRA0467      1      1      1      1      1      1      1      2      4      4      4
   GLUA0467      1      1      1      1      1      1      1      3      5      8      8
   LEUA0468      1      1      1      1      1      1      1      1      1      1      1
   PROA0469      1      1      1      1      1      1      1      1      1      1      1
   GLUA0470      1      1      1      1      1      1      1      3      5      7      7
   ASPA0471      1      1      1      1      1      1      1      3      5      9      9
   PROA0472      1      1      1      1      1      1      1      1      1      1      1
   LYSA0473      1      1      1      1      1      1      1      2      4      4      4
   TRPA0474      1      1      1      1      1      1      1      1      1      1      1
   GLUA0475      1      1      1      1      1      1      1      3      5     12     12
   PHEA0476      1      1      1      1      1      1      1      1      1      1      1
   PROA0477      1      1      1      1      1      1      1      1      1      1      1
   ARGA0478      1      1      1      1      1      1      1      4      6      6      6
   ASPA0479      1      1      1      1      1      1      1      3      5      7      7
   LYSA0480      1      1      1      1      1      1      1      2      4      4      4
   LEUA0481      1      1      1      1      1      1      1      1      1      1      1
   THRA0482      1      1      2      2      2      2      1      1      3      4      4
   LEUA0483      1      1      1      1      1      1      1      1      1      1      1
   GLYA0484      0      0      0      0      0      0      0      0      0      0      0
   LYSA0485      1      1      1      1      1      1      1      2      4      4      4
   PROA0486      1      1      1      1      1      1      1      1      1      1      1
   LEUA0487      1      1      1      1      1      1      1      1      1      1      1
   GLYA0488      0      0      0      0      0      0      0      0      0      0      0
   GLUA0489      1      1      1      1      1      1      1      3      5      5      5
   GLYA0490      0      0      0      0      0      0      0      0      0      0      0
   CYSA0491      0      0      0      0      0      0      0      0      0      0      0
   PHEA0492      1      1      1      1      1      1      1      1      1      2      2
   GLYA0493      0      0      0      0      0      0      0      0      0      0      0
   GLNA0494      1      1      1      1      1      1      1      1      1      1      1
   VALA0495      1      1      1      1      1      1      1      1      1      1      1
   VALA0496      1      1      1      1      1      1      1      1      1      1      1
   META0497      1      1      1      1      1      1      1      1      1      1      1
   ALAA0498      1      1      1      1      1      1      1      1      1      1      1
   GLUA0499      1      1      1      1      1      1      1      3      5      6      6
   ALAA0500      1      1      1      1      1      1      1      1      1      1      1
   VALA0501      1      1      1      1      1      1      1      1      1      1      1
   GLYA0502      0      0      0      0      0      0      0      0      0      0      0
   ILEA0503      1      1      1      1      1      1      1      1      1      1      1
   CTRA0503      1      1      1      1      1      1      1      3      5      7      7
   NTRA0507      1      1      1      1      1      1      1      2      4      4      4
   LYSA0507      1      1      1      1      1      1      1      2      4      4      4
   PROA0508      1      1      1      1      1      1      1      1      1      1      1
   LYSA0509      1      1      1      1      1      1      1      2      4      4      4
   GLUA0510      1      1      1      1      1      1      1      3      5      5      5
   ALAA0511      1      1      1      1      1      1      1      1      1      1      1
   VALA0512      1      1      1      1      1      1      1      1      1      1      1
   THRA0513      1      1      2      2      2      2      2      2      6     10      5
   VALA0514      1      1      1      1      1      1      1      1      1      1      1
   ALAA0515      1      1      1      1      1      1      1      1      1      1      1
   VALA0516      1      1      1      1      1      1      1      1      1      1      1
   LYSA0517      1      1      1      1      1      1      1      2      4     11     11
   META0518      1      1      1      1      1      1      1      1      1      1      1
   LEUA0519      1      1      1      1      1      1      1      1      1      1      1
   LYSA0520      1      1      1      1      1      1      1      2      4      4      4
   ASPA0521      1      1      1      1      1      1      1      3      5      8      8
   ASPA0522      1      1      1      1      1      1      1      3      5      8      8
   ALAA0523      1      1      1      1      1      1      1      1      1      1      1
   THRA0524      1      1      2      2      2      2      1      1      3      4      4
   GLUA0525      1      1      1      1      1      1      1      3      5      5      5
   LYSA0526      1      1      1      1      1      1      1      2      4      8      8
   ASPA0527      1      1      1      1      1      1      1      3      5     10     10
   LEUA0528      1      1      1      1      1      1      1      1      1      1      1
   SERA0529      1      1      1      1      1      1      1      1      3      6      6
   ASPA0530      1      1      1      1      1      1      1      3      5     31     31
   LEUA0531      1      1      1      1      1      1      1      1      1      1      1
   VALA0532      1      1      1      1      1      1      1      1      1      1      1
   SERA0533      1      1      1      1      1      1      1      1      3      6      6
   GLUA0534      1      1      1      1      1      1      1      3      5     18     18
   META0535      1      1      1      1      1      1      1      1      1      1      1
   GLUA0536      1      1      1      1      1      1      1      3      5      6      6
   META0537      1      1      1      1      1      1      1      1      1      2      2
   META0538      1      1      1      1      1      1      1      1      1      1      1
   LYSA0539      1      1      1      1      1      1      1      2      4      4      4
   META0540      1      1      1      1      1      1      1      1      1      2      2
   ILEA0541      1      1      1      1      1      1      1      1      1      1      1
   GLYA0542      0      0      0      0      0      0      0      0      0      0      0
   LYSA0543      1      1      1      1      1      1      1      2      4      4      4
   HISA0544      1      1      1      1      1      1      1      3      3      4      4
   LYSA0545      1      1      1      1      1      1      1      2      4      4      4
   ASNA0546      1      1      1      1      1      1      1      1      1      1      1
   ILEA0547      1      1      1      1      1      1      1      1      1      1      1
   ILEA0548      1      1      1      1      1      1      1      1      1      2      2
   ASNA0549      1      1      1      1      1      1      1      1      1      1      1
   LEUA0550      1      1      1      1      1      1      1      1      1      1      1
   LEUA0551      1      1      1      1      1      1      1      1      1      1      1
   GLYA0552      0      0      0      0      0      0      0      0      0      0      0
   ALAA0553      1      1      1      1      1      1      1      1      1      1      1
   CYSA0554      1      1      1      1      1      1      1      2      4      7      7
   THRA0555      1      1      2      2      2      2      1      1      3      5      5
   GLNA0556      1      1      1      1      1      1      1      1      1      2      2
   ASPA0557      1      1      1      1      1      1      1      3      5      7      7
   GLYA0558      0      0      0      0      0      0      0      0      0      0      0
   PROA0559      1      1      1      1      1      1      1      1      1      1      1
   LEUA0560      1      1      1      1      1      1      1      1      1      1      1
   TYRA0561      1      1      1      1      1      1      1      2      3      5      5
   VALA0562      1      1      1      1      1      1      1      1      1      1      1
   ILEA0563      1      1      1      1      1      1      1      1      1      1      1
   VALA0564      1      1      1      1      1      1      1      1      1      1      1
   GLUA0565      1      1      1      1      1      1      1      3      5     10     10
   TYRA0566      1      1      1      1      1      1      1      2      3      6      6
   ALAA0567      1      1      1      1      1      1      1      1      1      1      1
   SERA0568      1      1      1      1      1      1      1      1      3      5      5
   LYSA0569      1      1      1      1      1      1      1      2      4      4      4
   GLYA0570      0      0      0      0      0      0      0      0      0      0      0
   ASNA0571      1      1      1      1      1      1      1      1      1      1      1
   LEUA0572      1      1      1      1      1      1      1      1      1      1      1
   ARGA0573      1      1      1      1      1      1      1      4      6      6      6
   GLUA0574      1      1      1      1      1      1      1      3      5      7      7
   TYRA0575      1      1      1      1      1      1      1      2      3      7      7
   LEUA0576      1      1      1      1      1      1      1      1      1      1      1
   ARGA0577      1      1      1      1      1      1      1      4      6      6      6
   ALAA0578      1      1      1      1      1      1      1      1      1      1      1
   ARGA0579      1      1      1      1      1      1      1      4      6      7      7
   ARGA0580      1      1      1      1      1      1      1      4      6      9      9
   CTRA0580      1      1      1      1      1      1      1      3      5      5      5
   NTRA0596      1      1      1      1      1      1      1      2      4      4      4
   GLUA0596      1      1      1      1      1      1      1      3      5     10     10
   GLNA0597      0      0      0      0      0      0      0      0      0      0      0
   META0598      1      1      1      1      1      1      1      1      1      1      1
   THRA0599      1      1      2      2      2      2      1      1      3      4      4
   PHEA0600      1      1      1      1      1      1      1      1      1      1      1
   LYSA0601      1      1      1      1      1      1      1      2      4      8      8
   ASPA0602      1      1      1      1      1      1      1      3      5      9      9
   LEUA0603      1      1      1      1      1      1      1      1      1      1      1
   VALA0604      1      1      1      1      1      1      1      1      1      1      1
   SERA0605      1      1      1      1      1      1      1      1      3      6      6
   CYSA0606      1      1      1      1      1      1      1      2      4      6      6
   THRA0607      1      1      2      2      2      2      2      2      6      9      5
   TYRA0608      1      1      1      1      1      1      1      2      3      7      7
   GLNA0609      1      1      1      1      1      1      1      1      1      1      1
   LEUA0610      1      1      1      1      1      1      1      1      1      1      1
   ALAA0611      1      1      1      1      1      1      1      1      1      1      1
   ARGA0612      1      1      1      1      1      1      1      4      6      6      6
   GLYA0613      0      0      0      0      0      0      0      0      0      0      0
   META0614      1      1      1      1      1      1      1      1      1      1      1
   GLUA0615      1      1      1      1      1      1      1      3      5     11     11
   TYRA0616      1      1      1      1      1      1      1      2      3      7      7
   LEUA0617      1      1      1      1      1      1      1      1      1      2      2
   ALAA0618      1      1      1      1      1      1      1      1      1      1      1
   SERA0619      1      1      1      1      1      1      1      1      3      5      5
   GLNA0620      1      1      1      1      1      1      1      1      1      2      2
   LYSA0621      1      1      1      1      1      1      1      2      4      4      4
   CYSA0622      1      1      1      1      1      1      1      2      4      5      5
   ILEA0623      1      1      1      1      1      1      1      1      1      1      1
   HISA0624      1      1      1      1      1      1      1      3      3      3      3
   ARGA0625      1      1      1      1      1      1      1      4      6      9      9
   ASPA0626      1      1      1      1      1      1      1      3      5      8      8
   LEUA0627      1      1      1      1      1      1      1      1      1      1      1
   ALAA0628      1      1      1      1      1      1      1      1      1      1      1
   ALAA0629      1      1      1      1      1      1      1      1      1      1      1
   ARGA0630      1      1      1      1      1      1      1      4      6      6      6
   ASNA0631      1      1      1      1      1      1      1      1      1      1      1
   VALA0632      1      1      1      1      1      1      1      1      1      1      1
   LEUA0633      1      1      1      1      1      1      1      1      1      1      1
   VALA0634      1      1      1      1      1      1      1      1      1      1      1
   THRA0635      1      1      2      2      2      2      1      1      3      5      5
   GLUA0636      1      1      1      1      1      1      1      3      5      7      7
   ASNA0637      1      1      1      1      1      1      1      1      1      1      1
   ASNA0638      1      1      1      1      1      1      1      1      1      1      1
   VALA0639      1      1      1      1      1      1      1      1      1      1      1
   META0640      1      1      1      1      1      1      1      1      1      1      1
   LYSA0641      1      1      1      1      1      1      1      2      4      4      4
   ILEA0642      1      1      1      1      1      1      1      1      1      1      1
   ALAA0643      1      1      1      1      1      1      1      1      1      1      1
   ASPA0644      1      1      1      1      1      1      1      3      5     15     15
   PHEA0645      1      1      1      1      1      1      1      1      1      1      1
   GLYA0646      0      0      0      0      0      0      0      0      0      0      0
   LEUA0647      1      1      1      1      1      1      1      1      1      1      1
   ALAA0648      1      1      1      1      1      1      1      1      1      1      1
   ARGA0649      1      1      1      1      1      1      1      4      6      6      6
   ASPA0650      1      1      1      1      1      1      1      3      5      8      8
   ILEA0651      1      1      1      1      1      1      1      1      1      1      1
   ASNA0652      1      1      1      1      1      1      1      1      1      1      1
   ASNA0653      1      1      1      1      1      1      1      1      1      1      1
   ILEA0654      1      1      1      1      1      1      1      1      1      1      1
   ASPA0655      1      1      1      1      1      1      1      3      5      8      8
   TYRA0656      1      1      1      1      1      1      1      2      3      7      7
   TYRA0657      1      1      1      1      1      1      1      2      3      5      5
   LYSA0658      1      1      1      1      1      1      1      2      4      4      4
   LYSA0659      1      1      1      1      1      1      1      2      4      4      4
   THRA0660      1      1      2      2      2      2      2      2      6     11      5
   THRA0661      1      1      2      2      2      2      1      1      3      3      3
   ASNA0662      1      1      1      1      1      1      1      1      1      2      2
   GLYA0663      0      0      0      0      0      0      0      0      0      0      0
   ARGA0664      1      1      1      1      1      1      1      4      6      7      7
   LEUA0665      1      1      1      1      1      1      1      1      1      1      1
   PROA0666      1      1      1      1      1      1      1      1      1      1      1
   VALA0667      1      1      1      1      1      1      1      1      1      1      1
   LYSA0668      1      1      1      1      1      1      1      2      4      4      4
   TRPA0669      1      1      1      1      1      1      1      1      1      1      1
   META0670      1      1      1      1      1      1      1      1      1      1      1
   ALAA0671      1      1      1      1      1      1      1      1      1      1      1
   PROA0672      1      1      1      1      1      1      1      1      1      1      1
   GLUA0673      1      1      1      1      1      1      1      3      5     11     11
   ALAA0674      1      1      1      1      1      1      1      1      1      1      1
   LEUA0675      1      1      1      1      1      1      1      1      1      1      1
   PHEA0676      1      1      1      1      1      1      1      1      1      1      1
   ASPA0677      1      1      1      1      1      1      1      3      5      7      7
   ARGA0678      1      1      1      1      1      1      1      4      6      6      6
   VALA0679      1      1      1      1      1      1      1      1      1      1      1
   TYRA0680      1      1      1      1      1      1      1      2      3      7      7
   THRA0681      1      1      2      2      2      2      1      1      3      4      4
   HISA0682      1      1      1      1      1      1      1      3      3      3      3
   GLNA0683      1      1      1      1      1      1      1      1      1      1      1
   SERA0684      1      1      1      1      1      1      1      1      3      5      5
   ASPA0685      1      1      1      1      1      1      1      3      5     30     30
   VALA0686      1      1      1      1      1      1      1      1      1      1      1
   TRPA0687      1      1      1      1      1      1      1      1      1      1      1
   SERA0688      1      1      1      1      1      1      1      1      3      6      6
   PHEA0689      1      1      1      1      1      1      1      1      1      1      1
   GLYA0690      0      0      0      0      0      0      0      0      0      0      0
   VALA0691      1      1      1      1      1      1      1      1      1      1      1
   LEUA0692      1      1      1      1      1      1      1      1      1      1      1
   META0693      1      1      1      1      1      1      1      1      1      1      1
   TRPA0694      1      1      1      1      1      1      1      1      1      1      1
   GLUA0695      1      1      1      1      1      1      1      3      5      6      6
   ILEA0696      1      1      1      1      1      1      1      1      1      1      1
   PHEA0697      1      1      1      1      1      1      1      1      1      1      1
   THRA0698      1      1      2      2      2      2      1      1      3      4      4
   LEUA0699      1      1      1      1      1      1      1      1      1      1      1
   GLYA0700      0      0      0      0      0      0      0      0      0      0      0
   GLYA0701      0      0      0      0      0      0      0      0      0      0      0
   SERA0702      1      1      1      1      1      1      1      1      3      5      5
   PROA0703      1      1      1      1      1      1      1      1      1      1      1
   TYRA0704      1      1      1      1      1      1      1      2      3      4      4
   PROA0705      1      1      1      1      1      1      1      1      1      1      1
   GLYA0706      0      0      0      0      0      0      0      0      0      0      0
   ILEA0707      1      1      1      1      1      1      1      1      1      1      1
   PROA0708      1      1      1      1      1      1      1      1      1      1      1
   VALA0709      1      1      1      1      1      1      1      1      1      1      1
   GLUA0710      1      1      1      1      1      1      1      3      5      7      7
   GLUA0711      1      1      1      1      1      1      1      3      5      9      9
   LEUA0712      1      1      1      1      1      1      1      1      1      1      1
   PHEA0713      1      1      1      1      1      1      1      1      1      1      1
   LYSA0714      1      1      1      1      1      1      1      2      4      4      4
   LEUA0715      1      1      1      1      1      1      1      1      1      1      1
   LEUA0716      1      1      1      1      1      1      1      1      1      2      2
   LYSA0717      1      1      1      1      1      1      1      2      4      4      4
   GLUA0718      1      1      1      1      1      1      1      3      5     10     10
   GLYA0719      0      0      0      0      0      0      0      0      0      0      0
   HISA0720      1      1      1      1      1      1      1      3      3      3      3
   ARGA0721      1      1      1      1      1      1      1      4      6      6      6
   META0722      1      1      1      1      1      1      1      1      1      1      1
   ASPA0723      1      1      1      1      1      1      1      3      5      8      8
   LYSA0724      1      1      1      1      1      1      1      2      4      4      4
   PROA0725      1      1      1      1      1      1      1      1      1      1      1
   ALAA0726      1      1      1      1      1      1      1      1      1      1      1
   ASNA0727      1      1      1      1      1      1      1      1      1      1      1
   CYSA0728      1      1      1      1      1      1      1      2      4      6      6
   THRA0729      1      1      2      2      2      2      2      2      6      9      5
   ASNA0730      1      1      1      1      1      1      1      1      1      1      1
   GLUA0731      1      1      1      1      1      1      1      3      5      9      9
   LEUA0732      1      1      1      1      1      1      1      1      1      1      1
   TYRA0733      1      1      1      1      1      1      1      2      3      7      7
   META0734      1      1      1      1      1      1      1      1      1      2      2
   META0735      1      1      1      1      1      1      1      1      1      1      1
   META0736      1      1      1      1      1      1      1      1      1      2      2
   ARGA0737      1      1      1      1      1      1      1      4      6      9      9
   ASPA0738      1      1      1      1      1      1      1      3      5      9      9
   CYSA0739      1      1      1      1      1      1      1      2      4      7      7
   TRPA0740      1      1      1      1      1      1      1      1      1      1      1
   HISA0741      1      1      1      1      1      1      1      3      3      3      3
   ALAA0742      1      1      1      1      1      1      1      1      1      1      1
   VALA0743      1      1      1      1      1      1      1      1      1      1      1
   PROA0744      1      1      1      1      1      1      1      1      1      1      1
   SERA0745      1      1      1      1      1      1      1      1      3      3      3
   GLNA0746      1      1      1      1      1      1      1      1      1      1      1
   ARGA0747      1      1      1      1      1      1      1      4      6      9      9
   PROA0748      1      1      1      1      1      1      1      1      1      1      1
   THRA0749      1      1      2      2      2      2      1      1      3      3      3
   PHEA0750      1      1      1      1      1      1      1      1      1      1      1
   LYSA0751      1      1      1      1      1      1      1      2      4      4      4
   GLNA0752      1      1      1      1      1      1      1      1      1      1      1
   LEUA0753      1      1      1      1      1      1      1      1      1      1      1
   VALA0754      1      1      1      1      1      1      1      1      1      1      1
   GLUA0755      1      1      1      1      1      1      1      3      5     10     10
   ASPA0756      1      1      1      1      1      1      1      3      5      8      8
   LEUA0757      1      1      1      1      1      1      1      1      1      1      1
   ASPA0758      1      1      1      1      1      1      1      3      5     11     11
   ARGA0759      1      1      1      1      1      1      1      4      6      6      6
   ILEA0760      1      1      1      1      1      1      1      1      1      1      1
   LEUA0761      1      1      1      1      1      1      1      1      1      1      1
   THRA0762      1      1      2      2      2      2      1      1      3      3      3
   LEUA0763      1      1      1      1      1      1      1      1      1      1      1
   THRA0764      1      1      2      2      2      2      1      1      3      3      3
   THRA0765      0      0      0      0      0      0      0      0      0      0      0
   AA2A0789      0      0      0      0      0      0      0      0      0      0      0
   Total       266    266    281    281    281    281    270    447    685   1000    981
