   Rotamer making statitics:
   Residue   Start  Clean   Swap Rotate   Self  Hbond Repack  Ioni.   TorH     OH  Elect
   NTRA0010      1      1      1      1      1      1      1      2      4      0      0
   LYSA0010      1      1      1      1      1      1      1      2      4      0      0
   PROA0011      1      1      1      1      1      1      1      1      1      0      0
   LYSA0012      1      1      1      1      1      1      1      2      4      0      0
   LEUA0013      1      1      1      1      1      1      1      1      1      0      0
   LEUA0014      1      1      1      1      1      1      1      1      1      0      0
   TYRA0015      1      1      1      1      1      1      1      2      3      0      0
   CYSA0016      1      1      1      1      1      1      1      2      4      0      0
   SERA0017      1      1      1      1      1      1      1      1      3      0      0
   ASNA0018      1      1      1      1      1      1      1      1      1      0      0
   GLYA0019      0      0      0      0      0      0      0      0      0      0      0
   GLYA0020      0      0      0      0      0      0      0      0      0      0      0
   HISA0021      1      1      1      1      1      1      1      3      3      0      0
   PHEA0022      1      1      1      1      1      1      1      1      1      0      0
   LEUA0023      1      1      1      1      1      1      1      1      1      0      0
   ARGA0024      1      1      1      1      1      1      1      4      6      0      0
   ILEA0025      1      1      1      1      1      1      1      1      1      0      0
   LEUA0026      1      1      1      1      1      1      1      1      1      0      0
   PROA0027      1      1      1      1      1      1      1      1      1      0      0
   ASPA0028      1      1      1      1      1      1      1      3      5      0      0
   GLYA0029      0      0      0      0      0      0      0      0      0      0      0
   THRA0030      1      1      2      2      2      2      2      2      6      0      0
   VALA0031      1      1      1      1      1      1      1      1      1      0      0
   ASPA0032      1      1      1      1      1      1      1      3      5      0      0
   GLYA0033      0      0      0      0      0      0      0      0      0      0      0
   THRA0034      1      1      2      2      2      2      2      2      6      0      0
   ARGA0035      1      1      1      1      1      1      1      4      6      0      0
   ASPA0036      1      1      1      1      1      1      1      3      5      0      0
   ARGA0037      1      1      1      1      1      1      1      4      6      0      0
   SERA0038      1      1      1      1      1      1      1      1      3      0      0
   ASPA0039      1      1      1      1      1      1      1      3      5      0      0
   GLNA0040      1      1      1      1      1      1      1      1      1      0      0
   HISA0041      1      1      1      1      1      1      1      3      3      0      0
   ILEA0042      1      1      1      1      1      1      1      1      1      0      0
   GLNA0043      1      1      1      1      1      1      1      1      1      0      0
   LEUA0044      1      1      1      1      1      1      1      1      1      0      0
   GLNA0045      1      1      1      1      1      1      1      1      1      0      0
   LEUA0046      1      1      1      1      1      1      1      1      1      0      0
   SERA0047      1      1      1      1      1      1      1      1      3      0      0
   ALAA0048      1      1      1      1      1      1      1      1      1      0      0
   GLUA0049      1      1      1      1      1      1      1      3      5      0      0
   SERA0050      1      1      1      1      1      1      1      1      3      0      0
   VALA0051      1      1      1      1      1      1      1      1      1      0      0
   GLYA0052      0      0      0      0      0      0      0      0      0      0      0
   GLUA0053      1      1      1      1      1      1      1      3      5      0      0
   VALA0054      1      1      1      1      1      1      1      1      1      0      0
   TYRA0055      1      1      1      1      1      1      1      2      3      0      0
   ILEA0056      1      1      1      1      1      1      1      1      1      0      0
   LYSA0057      1      1      1      1      1      1      1      2      4      0      0
   SERA0058      1      1      1      1      1      1      1      1      3      0      0
   THRA0059      1      1      2      2      2      2      1      1      3      0      0
   GLUA0060      1      1      1      1      1      1      1      3      5      0      0
   THRA0061      1      1      2      2      2      2      1      1      3      0      0
   GLYA0062      0      0      0      0      0      0      0      0      0      0      0
   GLNA0063      1      1      1      1      1      1      1      1      1      0      0
   TYRA0064      1      1      1      1      1      1      1      2      3      0      0
   LEUA0065      1      1      1      1      1      1      1      1      1      0      0
   ALAA0066      1      1      1      1      1      1      1      1      1      0      0
   META0067      1      1      1      1      1      1      1      1      1      0      0
   ASPA0068      1      1      1      1      1      1      1      3      5      0      0
   THRA0069      1      1      2      2      2      2      1      1      3      0      0
   ASPA0070      1      1      1      1      1      1      1      3      5      0      0
   GLYA0071      0      0      0      0      0      0      0      0      0      0      0
   LEUA0072      1      1      1      1      1      1      1      1      1      0      0
   LEUA0073      1      1      1      1      1      1      1      1      1      0      0
   TYRA0074      1      1      1      1      1      1      1      2      3      0      0
   GLYA0075      0      0      0      0      0      0      0      0      0      0      0
   SERA0076      1      1      1      1      1      1      1      1      3      0      0
   GLNA0077      1      1      1      1      1      1      1      1      1      0      0
   THRA0078      1      1      2      2      1      1      1      1      3      0      0
   PROA0079      1      1      1      1      1      1      1      1      1      0      0
   ASNA0080      1      1      1      1      1      1      1      1      1      0      0
   GLUA0081      1      1      1      1      1      1      1      3      5      0      0
   GLUA0082      1      1      1      1      1      1      1      3      5      0      0
   CYSA0083      1      1      1      1      1      1      1      2      4      0      0
   LEUA0084      1      1      1      1      1      1      1      1      1      0      0
   PHEA0085      1      1      1      1      1      1      1      1      1      0      0
   LEUA0086      1      1      1      1      1      1      1      1      1      0      0
   GLUA0087      1      1      1      1      1      1      1      3      5      0      0
   ARGA0088      1      1      1      1      1      1      1      4      6      0      0
   LEUA0089      1      1      1      1      1      1      1      1      1      0      0
   GLUA0090      1      1      1      1      1      1      1      3      5      0      0
   GLUA0091      1      1      1      1      1      1      1      3      5      0      0
   ASNA0092      1      1      1      1      1      1      1      1      1      0      0
   HISA0093      1      1      1      1      1      1      1      3      3      0      0
   TYRA0094      1      1      1      1      1      1      1      2      3      0      0
   ASNA0095      1      1      1      1      1      1      1      1      1      0      0
   THRA0096      1      1      2      2      2      2      1      1      3      0      0
   TYRA0097      1      1      1      1      1      1      1      2      3      0      0
   ILEA0098      1      1      1      1      1      1      1      1      1      0      0
   SERA0099      1      1      1      1      1      1      1      1      3      0      0
   LYSA0100      1      1      1      1      1      1      1      2      4      0      0
   LYSA0101      1      1      1      1      1      1      1      2      4      0      0
   HISA0102      1      1      1      1      1      1      1      3      3      0      0
   ALAA0103      1      1      1      1      1      1      1      1      1      0      0
   GLUA0104      1      1      1      1      1      1      1      3      5      0      0
   LYSA0105      1      1      1      1      1      1      1      2      4      0      0
   ASNA0106      1      1      1      1      1      1      1      1      1      0      0
   TRPA0107      1      1      1      1      1      1      1      1      1      0      0
   PHEA0108      1      1      1      1      1      1      1      1      1      0      0
   VALA0109      1      1      1      1      1      1      1      1      1      0      0
   GLYA0110      0      0      0      0      0      0      0      0      0      0      0
   LEUA0111      1      1      1      1      1      1      1      1      1      0      0
   LYSA0112      1      1      1      1      1      1      1      2      4      0      0
   LYSA0113      1      1      1      1      1      1      1      2      4      0      0
   ASNA0114      1      1      1      1      1      1      1      1      1      0      0
   GLYA0115      0      0      0      0      0      0      0      0      0      0      0
   SERA0116      1      1      1      1      1      1      1      1      3      0      0
   CYSA0117      1      1      1      1      1      1      1      2      4      0      0
   LYSA0118      1      1      1      1      1      1      1      2      4      0      0
   ARGA0119      1      1      1      1      1      1      1      4      6      0      0
   GLYA0120      0      0      0      0      0      0      0      0      0      0      0
   PROA0121      1      1      1      1      1      1      1      1      1      0      0
   ARGA0122      1      1      1      1      1      1      1      4      6      0      0
   THRA0123      1      1      2      2      2      2      1      1      3      0      0
   HISA0124      1      1      1      1      1      1      1      3      3      0      0
   TYRA0125      1      1      1      1      1      1      1      2      3      0      0
   GLYA0126      0      0      0      0      0      0      0      0      0      0      0
   GLNA0127      1      1      1      1      1      1      1      1      1      0      0
   LYSA0128      1      1      1      1      1      1      1      2      4      0      0
   ALAA0129      1      1      1      1      1      1      1      1      1      0      0
   ILEA0130      1      1      1      1      1      1      1      1      1      0      0
   LEUA0131      1      1      1      1      1      1      1      1      1      0      0
   PHEA0132      1      1      1      1      1      1      1      1      1      0      0
   LEUA0133      1      1      1      1      1      1      1      1      1      0      0
   PROA0134      1      1      1      1      1      1      1      1      1      0      0
   LEUA0135      1      1      1      1      1      1      1      1      1      0      0
   PROA0136      1      1      1      1      1      1      1      1      1      0      0
   VALA0137      1      1      1      1      1      1      1      1      1      0      0
   SERA0138      1      1      1      1      1      1      1      1      3      0      0
   CTRA0138      1      1      1      1      1      1      1      3      5      0      0
   NTRB0010      1      1      1      1      1      1      1      2      4      0      0
   LYSB0010      1      1      1      1      1      1      1      2      4      0      0
   PROB0011      1      1      1      1      1      1      1      1      1      0      0
   LYSB0012      1      1      1      1      1      1      1      2      4      0      0
   LEUB0013      1      1      1      1      1      1      1      1      1      0      0
   LEUB0014      1      1      1      1      1      1      1      1      1      0      0
   TYRB0015      1      1      1      1      1      1      1      2      3      0      0
   CYSB0016      1      1      1      1      1      1      1      2      4      0      0
   SERB0017      1      1      1      1      1      1      1      1      3      0      0
   ASNB0018      1      1      1      1      1      1      1      1      1      0      0
   GLYB0019      0      0      0      0      0      0      0      0      0      0      0
   GLYB0020      0      0      0      0      0      0      0      0      0      0      0
   HISB0021      1      1      1      1      1      1      1      3      3      0      0
   PHEB0022      1      1      1      1      1      1      1      1      1      0      0
   LEUB0023      1      1      1      1      1      1      1      1      1      0      0
   ARGB0024      1      1      1      1      1      1      1      4      6      0      0
   ILEB0025      1      1      1      1      1      1      1      1      1      0      0
   LEUB0026      1      1      1      1      1      1      1      1      1      0      0
   PROB0027      1      1      1      1      1      1      1      1      1      0      0
   ASPB0028      1      1      1      1      1      1      1      3      5      0      0
   GLYB0029      0      0      0      0      0      0      0      0      0      0      0
   THRB0030      1      1      2      2      2      2      2      2      6      0      0
   VALB0031      1      1      1      1      1      1      1      1      1      0      0
   ASPB0032      1      1      1      1      1      1      1      3      5      0      0
   GLYB0033      0      0      0      0      0      0      0      0      0      0      0
   THRB0034      1      1      2      2      2      2      2      2      6      0      0
   ARGB0035      1      1      1      1      1      1      1      4      6      0      0
   ASPB0036      1      1      1      1      1      1      1      3      5      0      0
   ARGB0037      1      1      1      1      1      1      1      4      6      0      0
   SERB0038      1      1      1      1      1      1      1      1      3      0      0
   ASPB0039      1      1      1      1      1      1      1      3      5      0      0
   GLNB0040      1      1      1      1      1      1      1      1      1      0      0
   HISB0041      1      1      1      1      1      1      1      3      3      0      0
   ILEB0042      1      1      1      1      1      1      1      1      1      0      0
   GLNB0043      1      1      1      1      1      1      1      1      1      0      0
   LEUB0044      1      1      1      1      1      1      1      1      1      0      0
   GLNB0045      1      1      1      1      1      1      1      1      1      0      0
   LEUB0046      1      1      1      1      1      1      1      1      1      0      0
   SERB0047      1      1      1      1      1      1      1      1      3      0      0
   ALAB0048      1      1      1      1      1      1      1      1      1      0      0
   GLUB0049      1      1      1      1      1      1      1      3      5      0      0
   SERB0050      1      1      1      1      1      1      1      1      3      0      0
   VALB0051      1      1      1      1      1      1      1      1      1      0      0
   GLYB0052      0      0      0      0      0      0      0      0      0      0      0
   GLUB0053      1      1      1      1      1      1      1      3      5      0      0
   VALB0054      1      1      1      1      1      1      1      1      1      0      0
   TYRB0055      1      1      1      1      1      1      1      2      3      0      0
   ILEB0056      1      1      1      1      1      1      1      1      1      0      0
   LYSB0057      1      1      1      1      1      1      1      2      4      0      0
   SERB0058      1      1      1      1      1      1      1      1      3      0      0
   THRB0059      1      1      2      2      2      2      1      1      3      0      0
   GLUB0060      1      1      1      1      1      1      1      3      5      0      0
   THRB0061      1      1      2      2      2      2      1      1      3      0      0
   GLYB0062      0      0      0      0      0      0      0      0      0      0      0
   GLNB0063      1      1      1      1      1      1      1      1      1      0      0
   TYRB0064      1      1      1      1      1      1      1      2      3      0      0
   LEUB0065      1      1      1      1      1      1      1      1      1      0      0
   ALAB0066      1      1      1      1      1      1      1      1      1      0      0
   METB0067      1      1      1      1      1      1      1      1      1      0      0
   ASPB0068      1      1      1      1      1      1      1      3      5      0      0
   THRB0069      1      1      2      2      2      2      2      2      6      0      0
   ASPB0070      1      1      1      1      1      1      1      3      5      0      0
   GLYB0071      0      0      0      0      0      0      0      0      0      0      0
   LEUB0072      1      1      1      1      1      1      1      1      1      0      0
   LEUB0073      1      1      1      1      1      1      1      1      1      0      0
   TYRB0074      1      1      1      1      1      1      1      2      3      0      0
   GLYB0075      0      0      0      0      0      0      0      0      0      0      0
   SERB0076      1      1      1      1      1      1      1      1      3      0      0
   GLNB0077      1      1      1      1      1      1      1      1      1      0      0
   THRB0078      1      1      2      2      1      1      1      1      3      0      0
   PROB0079      1      1      1      1      1      1      1      1      1      0      0
   ASNB0080      1      1      1      1      1      1      1      1      1      0      0
   GLUB0081      1      1      1      1      1      1      1      3      5      0      0
   GLUB0082      1      1      1      1      1      1      1      3      5      0      0
   CYSB0083      1      1      1      1      1      1      1      2      4      0      0
   LEUB0084      1      1      1      1      1      1      1      1      1      0      0
   PHEB0085      1      1      1      1      1      1      1      1      1      0      0
   LEUB0086      1      1      1      1      1      1      1      1      1      0      0
   GLUB0087      1      1      1      1      1      1      1      3      5      0      0
   ARGB0088      1      1      1      1      1      1      1      4      6      0      0
   LEUB0089      1      1      1      1      1      1      1      1      1      0      0
   GLUB0090      1      1      1      1      1      1      1      3      5      0      0
   GLUB0091      1      1      1      1      1      1      1      3      5      0      0
   ASNB0092      1      1      1      1      1      1      1      1      1      0      0
   HISB0093      1      1      1      1      1      1      1      3      3      0      0
   TYRB0094      1      1      1      1      1      1      1      2      3      0      0
   ASNB0095      1      1      1      1      1      1      1      1      1      0      0
   THRB0096      1      1      2      2      2      2      1      1      3      0      0
   TYRB0097      1      1      1      1      1      1      1      2      3      0      0
   ILEB0098      1      1      1      1      1      1      1      1      1      0      0
   SERB0099      1      1      1      1      1      1      1      1      3      0      0
   LYSB0100      1      1      1      1      1      1      1      2      4      0      0
   LYSB0101      1      1      1      1      1      1      1      2      4      0      0
   HISB0102      1      1      1      1      1      1      1      3      3      0      0
   ALAB0103      1      1      1      1      1      1      1      1      1      0      0
   GLUB0104      1      1      1      1      1      1      1      3      5      0      0
   LYSB0105      1      1      1      1      1      1      1      2      4      0      0
   ASNB0106      1      1      1      1      1      1      1      1      1      0      0
   TRPB0107      1      1      1      1      1      1      1      1      1      0      0
   PHEB0108      1      1      1      1      1      1      1      1      1      0      0
   VALB0109      1      1      1      1      1      1      1      1      1      0      0
   GLYB0110      0      0      0      0      0      0      0      0      0      0      0
   LEUB0111      1      1      1      1      1      1      1      1      1      0      0
   LYSB0112      1      1      1      1      1      1      1      2      4      0      0
   LYSB0113      1      1      1      1      1      1      1      2      4      0      0
   ASNB0114      1      1      1      1      1      1      1      1      1      0      0
   GLYB0115      0      0      0      0      0      0      0      0      0      0      0
   SERB0116      1      1      1      1      1      1      1      1      3      0      0
   CYSB0117      1      1      1      1      1      1      1      2      4      0      0
   LYSB0118      1      1      1      1      1      1      1      2      4      0      0
   ARGB0119      1      1      1      1      1      1      1      4      6      0      0
   GLYB0120      0      0      0      0      0      0      0      0      0      0      0
   PROB0121      1      1      1      1      1      1      1      1      1      0      0
   ARGB0122      1      1      1      1      1      1      1      4      6      0      0
   THRB0123      1      1      2      2      2      2      1      1      3      0      0
   HISB0124      1      1      1      1      1      1      1      3      3      0      0
   TYRB0125      1      1      1      1      1      1      1      2      3      0      0
   GLYB0126      0      0      0      0      0      0      0      0      0      0      0
   GLNB0127      1      1      1      1      1      1      1      1      1      0      0
   LYSB0128      1      1      1      1      1      1      1      2      4      0      0
   ALAB0129      1      1      1      1      1      1      1      1      1      0      0
   ILEB0130      1      1      1      1      1      1      1      1      1      0      0
   LEUB0131      1      1      1      1      1      1      1      1      1      0      0
   PHEB0132      1      1      1      1      1      1      1      1      1      0      0
   LEUB0133      1      1      1      1      1      1      1      1      1      0      0
   PROB0134      1      1      1      1      1      1      1      1      1      0      0
   LEUB0135      1      1      1      1      1      1      1      1      1      0      0
   PROB0136      1      1      1      1      1      1      1      1      1      0      0
   VALB0137      1      1      1      1      1      1      1      1      1      0      0
   SERB0138      1      1      1      1      1      1      1      1      3      0      0
   CTRB0138      1      1      1      1      1      1      1      3      5      0      0
   NTRC0011      1      1      1      1      1      1      1      2      4      0      0
   PROC0011      1      1      1      1      1      1      1      1      1      0      0
   LYSC0012      1      1      1      1      1      1      1      2      4      0      0
   LEUC0013      1      1      1      1      1      1      1      1      1      0      0
   LEUC0014      1      1      1      1      1      1      1      1      1      0      0
   TYRC0015      1      1      1      1      1      1      1      2      3      0      0
   CYSC0016      1      1      1      1      1      1      1      2      4      0      0
   SERC0017      1      1      1      1      1      1      1      1      3      0      0
   ASNC0018      1      1      1      1      1      1      1      1      1      0      0
   GLYC0019      0      0      0      0      0      0      0      0      0      0      0
   GLYC0020      0      0      0      0      0      0      0      0      0      0      0
   HISC0021      1      1      1      1      1      1      1      3      3      0      0
   PHEC0022      1      1      1      1      1      1      1      1      1      0      0
   LEUC0023      1      1      1      1      1      1      1      1      1      0      0
   ARGC0024      1      1      1      1      1      1      1      4      6      0      0
   ILEC0025      1      1      1      1      1      1      1      1      1      0      0
   LEUC0026      1      1      1      1      1      1      1      1      1      0      0
   PROC0027      1      1      1      1      1      1      1      1      1      0      0
   ASPC0028      1      1      1      1      1      1      1      3      5      0      0
   GLYC0029      0      0      0      0      0      0      0      0      0      0      0
   THRC0030      1      1      2      2      2      2      1      1      3      0      0
   VALC0031      1      1      1      1      1      1      1      1      1      0      0
   ASPC0032      1      1      1      1      1      1      1      3      5      0      0
   GLYC0033      0      0      0      0      0      0      0      0      0      0      0
   THRC0034      1      1      2      2      2      2      1      1      3      0      0
   ARGC0035      1      1      1      1      1      1      1      4      6      0      0
   ASPC0036      1      1      1      1      1      1      1      3      5      0      0
   ARGC0037      1      1      1      1      1      1      1      4      6      0      0
   SERC0038      1      1      1      1      1      1      1      1      3      0      0
   ASPC0039      1      1      1      1      1      1      1      3      5      0      0
   GLNC0040      1      1      1      1      1      1      1      1      1      0      0
   HISC0041      1      1      1      1      1      1      1      3      3      0      0
   ILEC0042      1      1      1      1      1      1      1      1      1      0      0
   GLNC0043      1      1      1      1      1      1      1      1      1      0      0
   LEUC0044      1      1      1      1      1      1      1      1      1      0      0
   GLNC0045      1      1      1      1      1      1      1      1      1      0      0
   LEUC0046      1      1      1      1      1      1      1      1      1      0      0
   SERC0047      1      1      1      1      1      1      1      1      3      0      0
   ALAC0048      1      1      1      1      1      1      1      1      1      0      0
   GLUC0049      1      1      1      1      1      1      1      3      5      0      0
   SERC0050      1      1      1      1      1      1      1      1      3      0      0
   VALC0051      1      1      1      1      1      1      1      1      1      0      0
   GLYC0052      0      0      0      0      0      0      0      0      0      0      0
   GLUC0053      1      1      1      1      1      1      1      3      5      0      0
   VALC0054      1      1      1      1      1      1      1      1      1      0      0
   TYRC0055      1      1      1      1      1      1      1      2      3      0      0
   ILEC0056      1      1      1      1      1      1      1      1      1      0      0
   LYSC0057      1      1      1      1      1      1      1      2      4      0      0
   SERC0058      1      1      1      1      1      1      1      1      3      0      0
   THRC0059      1      1      2      2      2      2      1      1      3      0      0
   GLUC0060      1      1      1      1      1      1      1      3      5      0      0
   THRC0061      1      1      2      2      2      2      1      1      3      0      0
   GLYC0062      0      0      0      0      0      0      0      0      0      0      0
   GLNC0063      1      1      1      1      1      1      1      1      1      0      0
   TYRC0064      1      1      1      1      1      1      1      2      3      0      0
   LEUC0065      1      1      1      1      1      1      1      1      1      0      0
   ALAC0066      1      1      1      1      1      1      1      1      1      0      0
   METC0067      1      1      1      1      1      1      1      1      1      0      0
   ASPC0068      1      1      1      1      1      1      1      3      5      0      0
   THRC0069      1      1      2      2      2      2      2      2      6      0      0
   ASPC0070      1      1      1      1      1      1      1      3      5      0      0
   GLYC0071      0      0      0      0      0      0      0      0      0      0      0
   LEUC0072      1      1      1      1      1      1      1      1      1      0      0
   LEUC0073      1      1      1      1      1      1      1      1      1      0      0
   TYRC0074      1      1      1      1      1      1      1      2      3      0      0
   GLYC0075      0      0      0      0      0      0      0      0      0      0      0
   SERC0076      1      1      1      1      1      1      1      1      3      0      0
   GLNC0077      1      1      1      1      1      1      1      1      1      0      0
   THRC0078      1      1      2      2      2      2      1      1      3      0      0
   PROC0079      1      1      1      1      1      1      1      1      1      0      0
   ASNC0080      1      1      1      1      1      1      1      1      1      0      0
   GLUC0081      1      1      1      1      1      1      1      3      5      0      0
   GLUC0082      1      1      1      1      1      1      1      3      5      0      0
   CYSC0083      1      1      1      1      1      1      1      2      4      0      0
   LEUC0084      1      1      1      1      1      1      1      1      1      0      0
   PHEC0085      1      1      1      1      1      1      1      1      1      0      0
   LEUC0086      1      1      1      1      1      1      1      1      1      0      0
   GLUC0087      1      1      1      1      1      1      1      3      5      0      0
   ARGC0088      1      1      1      1      1      1      1      4      6      0      0
   LEUC0089      1      1      1      1      1      1      1      1      1      0      0
   GLUC0090      1      1      1      1      1      1      1      3      5      0      0
   GLUC0091      1      1      1      1      1      1      1      3      5      0      0
   ASNC0092      1      1      1      1      1      1      1      1      1      0      0
   HISC0093      1      1      1      1      1      1      1      3      3      0      0
   TYRC0094      1      1      1      1      1      1      1      2      3      0      0
   ASNC0095      1      1      1      1      1      1      1      1      1      0      0
   THRC0096      1      1      2      2      2      2      1      1      3      0      0
   TYRC0097      1      1      1      1      1      1      1      2      3      0      0
   ILEC0098      1      1      1      1      1      1      1      1      1      0      0
   SERC0099      1      1      1      1      1      1      1      1      3      0      0
   LYSC0100      1      1      1      1      1      1      1      2      4      0      0
   LYSC0101      1      1      1      1      1      1      1      2      4      0      0
   HISC0102      1      1      1      1      1      1      1      3      3      0      0
   ALAC0103      1      1      1      1      1      1      1      1      1      0      0
   GLUC0104      1      1      1      1      1      1      1      3      5      0      0
   LYSC0105      1      1      1      1      1      1      1      2      4      0      0
   ASNC0106      1      1      1      1      1      1      1      1      1      0      0
   TRPC0107      1      1      1      1      1      1      1      1      1      0      0
   PHEC0108      1      1      1      1      1      1      1      1      1      0      0
   VALC0109      1      1      1      1      1      1      1      1      1      0      0
   GLYC0110      0      0      0      0      0      0      0      0      0      0      0
   LEUC0111      1      1      1      1      1      1      1      1      1      0      0
   LYSC0112      1      1      1      1      1      1      1      2      4      0      0
   LYSC0113      1      1      1      1      1      1      1      2      4      0      0
   ASNC0114      1      1      1      1      1      1      1      1      1      0      0
   GLYC0115      0      0      0      0      0      0      0      0      0      0      0
   SERC0116      1      1      1      1      1      1      1      1      3      0      0
   CYSC0117      1      1      1      1      1      1      1      2      4      0      0
   LYSC0118      1      1      1      1      1      1      1      2      4      0      0
   ARGC0119      1      1      1      1      1      1      1      4      6      0      0
   GLYC0120      0      0      0      0      0      0      0      0      0      0      0
   PROC0121      1      1      1      1      1      1      1      1      1      0      0
   ARGC0122      1      1      1      1      1      1      1      4      6      0      0
   THRC0123      1      1      2      2      2      2      1      1      3      0      0
   HISC0124      1      1      1      1      1      1      1      3      3      0      0
   TYRC0125      1      1      1      1      1      1      1      2      3      0      0
   GLYC0126      0      0      0      0      0      0      0      0      0      0      0
   GLNC0127      1      1      1      1      1      1      1      1      1      0      0
   LYSC0128      1      1      1      1      1      1      1      2      4      0      0
   ALAC0129      1      1      1      1      1      1      1      1      1      0      0
   ILEC0130      1      1      1      1      1      1      1      1      1      0      0
   LEUC0131      1      1      1      1      1      1      1      1      1      0      0
   PHEC0132      1      1      1      1      1      1      1      1      1      0      0
   LEUC0133      1      1      1      1      1      1      1      1      1      0      0
   PROC0134      1      1      1      1      1      1      1      1      1      0      0
   LEUC0135      1      1      1      1      1      1      1      1      1      0      0
   PROC0136      1      1      1      1      1      1      1      1      1      0      0
   VALC0137      1      1      1      1      1      1      1      1      1      0      0
   CTRC0137      1      1      1      1      1      1      1      3      5      0      0
   NTRD0011      1      1      1      1      1      1      1      2      4      0      0
   PROD0011      1      1      1      1      1      1      1      1      1      0      0
   LYSD0012      1      1      1      1      1      1      1      2      4      0      0
   LEUD0013      1      1      1      1      1      1      1      1      1      0      0
   LEUD0014      1      1      1      1      1      1      1      1      1      0      0
   TYRD0015      1      1      1      1      1      1      1      2      3      0      0
   CYSD0016      1      1      1      1      1      1      1      2      4      0      0
   SERD0017      1      1      1      1      1      1      1      1      3      0      0
   ASND0018      1      1      1      1      1      1      1      1      1      0      0
   GLYD0019      0      0      0      0      0      0      0      0      0      0      0
   GLYD0020      0      0      0      0      0      0      0      0      0      0      0
   HISD0021      1      1      1      1      1      1      1      3      3      0      0
   PHED0022      1      1      1      1      1      1      1      1      1      0      0
   LEUD0023      1      1      1      1      1      1      1      1      1      0      0
   ARGD0024      1      1      1      1      1      1      1      4      6      0      0
   ILED0025      1      1      1      1      1      1      1      1      1      0      0
   LEUD0026      1      1      1      1      1      1      1      1      1      0      0
   PROD0027      1      1      1      1      1      1      1      1      1      0      0
   ASPD0028      1      1      1      1      1      1      1      3      5      0      0
   GLYD0029      0      0      0      0      0      0      0      0      0      0      0
   THRD0030      1      1      2      2      2      2      1      1      3      0      0
   VALD0031      1      1      1      1      1      1      1      1      1      0      0
   ASPD0032      1      1      1      1      1      1      1      3      5      0      0
   GLYD0033      0      0      0      0      0      0      0      0      0      0      0
   THRD0034      1      1      2      2      2      2      2      2      6      0      0
   ARGD0035      1      1      1      1      1      1      1      4      6      0      0
   ASPD0036      1      1      1      1      1      1      1      3      5      0      0
   ARGD0037      1      1      1      1      1      1      1      4      6      0      0
   SERD0038      1      1      1      1      1      1      1      1      3      0      0
   ASPD0039      1      1      1      1      1      1      1      3      5      0      0
   GLND0040      1      1      1      1      1      1      1      1      1      0      0
   HISD0041      1      1      1      1      1      1      1      3      3      0      0
   ILED0042      1      1      1      1      1      1      1      1      1      0      0
   GLND0043      1      1      1      1      1      1      1      1      1      0      0
   LEUD0044      1      1      1      1      1      1      1      1      1      0      0
   GLND0045      1      1      1      1      1      1      1      1      1      0      0
   LEUD0046      1      1      1      1      1      1      1      1      1      0      0
   SERD0047      1      1      1      1      1      1      1      1      3      0      0
   ALAD0048      1      1      1      1      1      1      1      1      1      0      0
   GLUD0049      1      1      1      1      1      1      1      3      5      0      0
   SERD0050      1      1      1      1      1      1      1      1      3      0      0
   VALD0051      1      1      1      1      1      1      1      1      1      0      0
   GLYD0052      0      0      0      0      0      0      0      0      0      0      0
   GLUD0053      1      1      1      1      1      1      1      3      5      0      0
   VALD0054      1      1      1      1      1      1      1      1      1      0      0
   TYRD0055      1      1      1      1      1      1      1      2      3      0      0
   ILED0056      1      1      1      1      1      1      1      1      1      0      0
   LYSD0057      1      1      1      1      1      1      1      2      4      0      0
   SERD0058      1      1      1      1      1      1      1      1      3      0      0
   THRD0059      1      1      2      2      2      2      1      1      3      0      0
   GLUD0060      1      1      1      1      1      1      1      3      5      0      0
   THRD0061      1      1      2      2      2      2      1      1      3      0      0
   GLYD0062      0      0      0      0      0      0      0      0      0      0      0
   GLND0063      1      1      1      1      1      1      1      1      1      0      0
   TYRD0064      1      1      1      1      1      1      1      2      3      0      0
   LEUD0065      1      1      1      1      1      1      1      1      1      0      0
   ALAD0066      1      1      1      1      1      1      1      1      1      0      0
   METD0067      1      1      1      1      1      1      1      1      1      0      0
   ASPD0068      1      1      1      1      1      1      1      3      5      0      0
   THRD0069      1      1      2      2      2      2      2      2      6      0      0
   ASPD0070      1      1      1      1      1      1      1      3      5      0      0
   GLYD0071      0      0      0      0      0      0      0      0      0      0      0
   LEUD0072      1      1      1      1      1      1      1      1      1      0      0
   LEUD0073      1      1      1      1      1      1      1      1      1      0      0
   TYRD0074      1      1      1      1      1      1      1      2      3      0      0
   GLYD0075      0      0      0      0      0      0      0      0      0      0      0
   SERD0076      1      1      1      1      1      1      1      1      3      0      0
   GLND0077      1      1      1      1      1      1      1      1      1      0      0
   THRD0078      1      1      2      2      2      2      1      1      3      0      0
   PROD0079      1      1      1      1      1      1      1      1      1      0      0
   ASND0080      1      1      1      1      1      1      1      1      1      0      0
   GLUD0081      1      1      1      1      1      1      1      3      5      0      0
   GLUD0082      1      1      1      1      1      1      1      3      5      0      0
   CYSD0083      1      1      1      1      1      1      1      2      4      0      0
   LEUD0084      1      1      1      1      1      1      1      1      1      0      0
   PHED0085      1      1      1      1      1      1      1      1      1      0      0
   LEUD0086      1      1      1      1      1      1      1      1      1      0      0
   GLUD0087      1      1      1      1      1      1      1      3      5      0      0
   ARGD0088      1      1      1      1      1      1      1      4      6      0      0
   LEUD0089      1      1      1      1      1      1      1      1      1      0      0
   GLUD0090      1      1      1      1      1      1      1      3      5      0      0
   GLUD0091      1      1      1      1      1      1      1      3      5      0      0
   ASND0092      1      1      1      1      1      1      1      1      1      0      0
   HISD0093      1      1      1      1      1      1      1      3      3      0      0
   TYRD0094      1      1      1      1      1      1      1      2      3      0      0
   ASND0095      1      1      1      1      1      1      1      1      1      0      0
   THRD0096      1      1      2      2      1      1      1      1      3      0      0
   TYRD0097      1      1      1      1      1      1      1      2      3      0      0
   ILED0098      1      1      1      1      1      1      1      1      1      0      0
   SERD0099      1      1      1      1      1      1      1      1      3      0      0
   LYSD0100      1      1      1      1      1      1      1      2      4      0      0
   LYSD0101      1      1      1      1      1      1      1      2      4      0      0
   HISD0102      1      1      1      1      1      1      1      3      3      0      0
   ALAD0103      1      1      1      1      1      1      1      1      1      0      0
   GLUD0104      1      1      1      1      1      1      1      3      5      0      0
   LYSD0105      1      1      1      1      1      1      1      2      4      0      0
   ASND0106      1      1      1      1      1      1      1      1      1      0      0
   TRPD0107      1      1      1      1      1      1      1      1      1      0      0
   PHED0108      1      1      1      1      1      1      1      1      1      0      0
   VALD0109      1      1      1      1      1      1      1      1      1      0      0
   GLYD0110      0      0      0      0      0      0      0      0      0      0      0
   LEUD0111      1      1      1      1      1      1      1      1      1      0      0
   LYSD0112      1      1      1      1      1      1      1      2      4      0      0
   LYSD0113      1      1      1      1      1      1      1      2      4      0      0
   ASND0114      1      1      1      1      1      1      1      1      1      0      0
   GLYD0115      0      0      0      0      0      0      0      0      0      0      0
   SERD0116      1      1      1      1      1      1      1      1      3      0      0
   CYSD0117      1      1      1      1      1      1      1      2      4      0      0
   LYSD0118      1      1      1      1      1      1      1      2      4      0      0
   ARGD0119      1      1      1      1      1      1      1      4      6      0      0
   GLYD0120      0      0      0      0      0      0      0      0      0      0      0
   PROD0121      1      1      1      1      1      1      1      1      1      0      0
   ARGD0122      1      1      1      1      1      1      1      4      6      0      0
   THRD0123      1      1      2      2      1      1      1      1      3      0      0
   HISD0124      1      1      1      1      1      1      1      3      3      0      0
   TYRD0125      1      1      1      1      1      1      1      2      3      0      0
   GLYD0126      0      0      0      0      0      0      0      0      0      0      0
   GLND0127      1      1      1      1      1      1      1      1      1      0      0
   LYSD0128      1      1      1      1      1      1      1      2      4      0      0
   ALAD0129      1      1      1      1      1      1      1      1      1      0      0
   ILED0130      1      1      1      1      1      1      1      1      1      0      0
   LEUD0131      1      1      1      1      1      1      1      1      1      0      0
   PHED0132      1      1      1      1      1      1      1      1      1      0      0
   LEUD0133      1      1      1      1      1      1      1      1      1      0      0
   PROD0134      1      1      1      1      1      1      1      1      1      0      0
   LEUD0135      1      1      1      1      1      1      1      1      1      0      0
   PROD0136      1      1      1      1      1      1      1      1      1      0      0
   VALD0137      1      1      1      1      1      1      1      1      1      0      0
   SERD0138      1      1      1      1      1      1      1      1      3      0      0
   CTRD0138      1      1      1      1      1      1      1      3      5      0      0
   Total       473    473    505    505    501    501    481    803   1265      0      0
