   Rotamer making statitics:
   Residue   Start  Clean   Swap Rotate   Self  Hbond Repack  Ioni.   TorH     OH  Elect
   NTRA0002      1      1      1      1      1      1      1      2      4      4      4
   PROA0002      1      1      1      1      1      1      1      1      1      1      1
   THRA0003      1      1      2      2      2      2      1      1      3      6      6
   VALA0004      1      1      1      1      1      1      1      1      1      1      1
   GLUA0005      1      1      1      1      1      1      1      3      5     19     19
   GLUA0006      1      1      1      1      1      1      1      3      5     14     14
   LEUA0007      1      1      1      1      1      1      1      1      1      1      1
   TYRA0008      1      1      1      1      1      1      1      2      3      5      5
   ARGA0009      1      1      1      1      1      1      1      4      6      6      6
   ASNA0010      1      1      1      1      1      1      1      1      1      1      1
   TYRA0011      1      1      1      1      1      1      1      2      3      6      6
   GLYA0012      0      0      0      0      0      0      0      0      0      0      0
   ILEA0013      1      1      1      1      1      1      1      1      1      1      1
   LEUA0014      1      1      1      1      1      1      1      1      1      1      1
   ALAA0015      1      1      1      1      1      1      1      1      1      1      1
   ASPA0016      1      1      1      1      1      1      1      3      5      5      5
   ALAA0017      1      1      1      1      1      1      1      1      1      1      1
   THRA0018      1      1      2      2      2      2      1      1      3      3      3
   GLUA0019      1      1      1      1      1      1      1      3      5      5      5
   GLNA0020      1      1      1      1      1      1      1      1      1      1      1
   VALA0021      1      1      1      1      1      1      1      1      1      1      1
   GLYA0022      0      0      0      0      0      0      0      0      0      0      0
   GLNA0023      1      1      1      1      1      1      1      1      1      1      1
   HISA0024      1      1      1      1      1      1      1      3      3      3      3
   LYSA0025      1      1      1      1      1      1      1      2      4      8      8
   ASPA0026      1      1      1      1      1      1      1      3      5      7      7
   ALAA0027      1      1      1      1      1      1      1      1      1      1      1
   TYRA0028      1      1      1      1      1      1      1      2      3      3      3
   GLNA0029      1      1      1      1      1      1      1      1      1      1      1
   VALA0030      1      1      1      1      1      1      1      1      1      1      1
   ILEA0031      1      1      1      1      1      1      1      1      1      1      1
   LEUA0032      1      1      1      1      1      1      1      1      1      1      1
   ASPA0033      1      1      1      1      1      1      1      3      5      6      6
   GLYA0034      0      0      0      0      0      0      0      0      0      0      0
   VALA0035      1      1      1      1      1      1      1      1      1      1      1
   LYSA0036      1      1      1      1      1      1      1      2      4      4      4
   GLYA0037      0      0      0      0      0      0      0      0      0      0      0
   GLYA0038      0      0      0      0      0      0      0      0      0      0      0
   THRA0039      1      1      2      2      2      2      2      2      6     12      6
   LYSA0040      1      1      1      1      1      1      1      2      4      4      4
   GLUA0041      1      1      1      1      1      1      1      3      5     19     19
   LYSA0042      1      1      1      1      1      1      1      2      4      5      5
   ARGA0043      1      1      1      1      1      1      1      4      6     10     10
   LEUA0044      1      1      1      1      1      1      1      1      1      1      1
   ALAA0045      1      1      1      1      1      1      1      1      1      1      1
   ALAA0046      1      1      1      1      1      1      1      1      1      1      1
   GLNA0047      1      1      1      1      1      1      1      1      1      2      2
   PHEA0048      1      1      1      1      1      1      1      1      1      1      1
   ILEA0049      1      1      1      1      1      1      1      1      1      1      1
   PROA0050      1      1      1      1      1      1      1      1      1      1      1
   LYSA0051      1      1      1      1      1      1      1      2      4      4      4
   PHEA0052      1      1      1      1      1      1      1      1      1      1      1
   PHEA0053      1      1      1      1      1      1      1      1      1      1      1
   LYSA0054      1      1      1      1      1      1      1      2      4      4      4
   HISA0055      1      1      1      1      1      1      1      3      3      3      3
   PHEA0056      1      1      1      1      1      1      1      1      1      1      1
   PROA0057      1      1      1      1      1      1      1      1      1      1      1
   GLUA0058      1      1      1      1      1      1      1      3      5      7      7
   LEUA0059      1      1      1      1      1      1      1      1      1      1      1
   ALAA0060      1      1      1      1      1      1      1      1      1      1      1
   ASPA0061      1      1      1      1      1      1      1      3      5      5      5
   SERA0062      1      1      1      1      1      1      1      1      3      3      3
   ALAA0063      1      1      1      1      1      1      1      1      1      1      1
   ILEA0064      1      1      1      1      1      1      1      1      1      1      1
   ASNA0065      1      1      1      1      1      1      1      1      1      1      1
   ALAA0066      1      1      1      1      1      1      1      1      1      1      1
   GLNA0067      1      1      1      1      1      1      1      1      1      1      1
   LEUA0068      1      1      1      1      1      1      1      1      1      1      1
   ASPA0069      1      1      1      1      1      1      1      3      5      9      9
   LEUA0070      1      1      1      1      1      1      1      1      1      1      1
   CYSA0071      1      1      1      1      1      1      1      2      4      4      4
   GLUA0072      1      1      1      1      1      1      1      3      5     18     18
   ASPA0073      1      1      1      1      1      1      1      3      5     19     19
   GLUA0074      1      1      1      1      1      1      1      3      5     22     22
   ASPA0075      1      1      1      1      1      1      1      3      5     13     13
   VALA0076      1      1      1      1      1      1      1      1      1      1      1
   SERA0077      1      1      1      1      1      1      1      1      3     11     11
   ILEA0078      1      1      1      1      1      1      1      1      1      1      1
   ARGA0079      1      1      1      1      1      1      1      4      6      6      6
   ARGA0080      1      1      1      1      1      1      1      4      6      6      6
   GLNA0081      1      1      1      1      1      1      1      1      1      1      1
   ALAA0082      1      1      1      1      1      1      1      1      1      1      1
   ILEA0083      1      1      1      1      1      1      1      1      1      1      1
   LYSA0084      1      1      1      1      1      1      1      2      4      8      8
   GLUA0085      1      1      1      1      1      1      1      3      5      5      5
   LEUA0086      1      1      1      1      1      1      1      1      1      1      1
   PROA0087      1      1      1      1      1      1      1      1      1      1      1
   GLNA0088      1      1      1      1      1      1      1      1      1      1      1
   PHEA0089      1      1      1      1      1      1      1      1      1      1      1
   ALAA0090      1      1      1      1      1      1      1      1      1      1      1
   THRA0091      1      1      2      2      2      2      1      1      3      3      3
   GLYA0092      0      0      0      0      0      0      0      0      0      0      0
   GLUA0093      1      1      1      1      1      1      1      3      5      5      5
   ASNA0094      1      1      1      1      1      1      1      1      1      1      1
   LEUA0095      1      1      1      1      1      1      1      1      1      1      1
   PROA0096      1      1      1      1      1      1      1      1      1      1      1
   ARGA0097      1      1      1      1      1      1      1      4      6      6      6
   VALA0098      1      1      1      1      1      1      1      1      1      1      1
   ALAA0099      1      1      1      1      1      1      1      1      1      1      1
   ASPA0100      1      1      1      1      1      1      1      3      5      7      7
   ILEA0101      1      1      1      1      1      1      1      1      1      1      1
   LEUA0102      1      1      1      1      1      1      1      1      1      1      1
   THRA0103      1      1      2      2      2      2      1      1      3      4      4
   GLNA0104      1      1      1      1      1      1      1      1      1      2      2
   LEUA0105      1      1      1      1      1      1      1      1      1      1      1
   LEUA0106      1      1      1      1      1      1      1      1      1      1      1
   GLNA0107      1      1      1      1      1      1      1      1      1      1      1
   THRA0108      1      1      2      2      2      2      1      1      3      6      6
   ASPA0109      1      1      1      1      1      1      1      3      5      8      8
   ASPA0110      1      1      1      1      1      1      1      3      5     12     12
   SERA0111      1      1      1      1      1      1      1      1      3      3      3
   ALAA0112      1      1      1      1      1      1      1      1      1      1      1
   GLUA0113      1      1      1      1      1      1      1      3      5     21     21
   PHEA0114      1      1      1      1      1      1      1      1      1      1      1
   ASNA0115      1      1      1      1      1      1      1      1      1      1      1
   LEUA0116      1      1      1      1      1      1      1      1      1      1      1
   VALA0117      1      1      1      1      1      1      1      1      1      1      1
   ASNA0118      1      1      1      1      1      1      1      1      1      1      1
   ASNA0119      1      1      1      1      1      1      1      1      1      1      1
   ALAA0120      1      1      1      1      1      1      1      1      1      1      1
   LEUA0121      1      1      1      1      1      1      1      1      1      1      1
   LEUA0122      1      1      1      1      1      1      1      1      1      1      1
   SERA0123      1      1      1      1      1      1      1      1      3      3      3
   ILEA0124      1      1      1      1      1      1      1      1      1      1      1
   PHEA0125      1      1      1      1      1      1      1      1      1      1      1
   LYSA0126      1      1      1      1      1      1      1      2      4      4      4
   META0127      1      1      1      1      1      1      1      1      1      1      1
   ASPA0128      1      1      1      1      1      1      1      3      5      5      5
   ALAA0129      1      1      1      1      1      1      1      1      1      1      1
   LYSA0130      1      1      1      1      1      1      1      2      4      4      4
   GLYA0131      0      0      0      0      0      0      0      0      0      0      0
   THRA0132      1      1      2      2      2      2      1      1      3      3      3
   LEUA0133      1      1      1      1      1      1      1      1      1      1      1
   GLYA0134      0      0      0      0      0      0      0      0      0      0      0
   GLYA0135      0      0      0      0      0      0      0      0      0      0      0
   LEUA0136      1      1      1      1      1      1      1      1      1      1      1
   PHEA0137      1      1      1      1      1      1      1      1      1      1      1
   SERA0138      1      1      1      1      1      1      1      1      3      4      4
   GLNA0139      1      1      1      1      1      1      1      1      1      1      1
   ILEA0140      1      1      1      1      1      1      1      1      1      1      1
   LEUA0141      1      1      1      1      1      1      1      1      1      1      1
   GLNA0142      1      1      1      1      1      1      1      1      1      1      1
   GLYA0143      0      0      0      0      0      0      0      0      0      0      0
   GLUA0144      1      1      1      1      1      1      1      3      5      8      8
   ASPA0145      1      1      1      1      1      1      1      3      5      7      7
   ILEA0146      1      1      1      1      1      1      1      1      1      1      1
   VALA0147      1      1      1      1      1      1      1      1      1      1      1
   ARGA0148      1      1      1      1      1      1      1      4      6     10     10
   GLUA0149      1      1      1      1      1      1      1      3      5     12     12
   ARGA0150      1      1      1      1      1      1      1      4      6      6      6
   ALAA0151      1      1      1      1      1      1      1      1      1      1      1
   ILEA0152      1      1      1      1      1      1      1      1      1      1      1
   LYSA0153      1      1      1      1      1      1      1      2      4      4      4
   PHEA0154      1      1      1      1      1      1      1      1      1      1      1
   LEUA0155      1      1      1      1      1      1      1      1      1      1      1
   SERA0156      1      1      1      1      1      1      1      1      3      6      6
   THRA0157      1      1      2      2      2      2      1      1      3      6      6
   LYSA0158      1      1      1      1      1      1      1      2      4      4      4
   LEUA0159      1      1      1      1      1      1      1      1      1      1      1
   LYSA0160      1      1      1      1      1      1      1      2      4      8      8
   THRA0161      1      1      2      2      2      2      1      1      3      4      4
   LEUA0162      1      1      1      1      1      1      1      1      1      1      1
   PROA0163      1      1      1      1      1      1      1      1      1      1      1
   ASPA0164      1      1      1      1      1      1      1      3      5      7      7
   GLUA0165      1      1      1      1      1      1      1      3      5      7      7
   VALA0166      1      1      1      1      1      1      1      1      1      1      1
   LEUA0167      1      1      1      1      1      1      1      1      1      1      1
   THRA0168      1      1      2      2      2      2      1      1      3      4      4
   LYSA0169      1      1      1      1      1      1      1      2      4     11     11
   GLUA0170      1      1      1      1      1      1      1      3      5     23     23
   VALA0171      1      1      1      1      1      1      1      1      1      1      1
   GLUA0172      1      1      1      1      1      1      1      3      5     15     15
   GLUA0173      1      1      1      1      1      1      1      3      5     19     19
   LEUA0174      1      1      1      1      1      1      1      1      1      1      1
   ILEA0175      1      1      1      1      1      1      1      1      1      1      1
   LEUA0176      1      1      1      1      1      1      1      1      1      1      1
   THRA0177      1      1      2      2      2      2      2      2      6     10      4
   GLUA0178      1      1      1      1      1      1      1      3      5      9      9
   SERA0179      1      1      1      1      1      1      1      1      3      4      4
   LYSA0180      1      1      1      1      1      1      1      2      4      8      8
   LYSA0181      1      1      1      1      1      1      1      2      4      4      4
   VALA0182      1      1      1      1      1      1      1      1      1      1      1
   LEUA0183      1      1      1      1      1      1      1      1      1      1      1
   GLUA0184      1      1      1      1      1      1      1      3      5      8      8
   ASPA0185      1      1      1      1      1      1      1      3      5      7      7
   VALA0186      1      1      1      1      1      1      1      1      1      1      1
   THRA0187      1      1      2      2      2      2      1      1      3      5      5
   GLYA0188      0      0      0      0      0      0      0      0      0      0      0
   GLUA0189      1      1      1      1      1      1      1      3      5      7      7
   GLUA0190      1      1      1      1      1      1      1      3      5     22     22
   PHEA0191      1      1      1      1      1      1      1      1      1      1      1
   VALA0192      1      1      1      1      1      1      1      1      1      1      1
   LEUA0193      1      1      1      1      1      1      1      1      1      1      1
   PHEA0194      1      1      1      1      1      1      1      1      1      1      1
   META0195      1      1      1      1      1      1      1      1      1      1      1
   LYSA0196      1      1      1      1      1      1      1      2      4      4      4
   ILEA0197      1      1      1      1      1      1      1      1      1      1      1
   LEUA0198      1      1      1      1      1      1      1      1      1      1      1
   SERA0199      1      1      1      1      1      1      1      1      3      6      6
   GLYA0200      0      0      0      0      0      0      0      0      0      0      0
   LEUA0201      1      1      1      1      1      1      1      1      1      1      1
   LYSA0202      1      1      1      1      1      1      1      2      4      4      4
   SERA0203      1      1      1      1      1      1      1      1      3      6      6
   LEUA0204      1      1      1      1      1      1      1      1      1      1      1
   GLNA0205      1      1      1      1      1      1      1      1      1      2      2
   THRA0206      1      1      2      2      2      2      1      1      3      3      3
   VALA0207      1      1      1      1      1      1      1      1      1      1      1
   SERA0208      1      1      1      1      1      1      1      1      3      3      3
   GLYA0209      0      0      0      0      0      0      0      0      0      0      0
   ARGA0210      1      1      1      1      1      1      1      4      6      9      9
   GLNA0211      1      1      1      1      1      1      1      1      1      1      1
   GLNA0212      1      1      1      1      1      1      1      1      1      1      1
   LEUA0213      1      1      1      1      1      1      1      1      1      1      1
   VALA0214      1      1      1      1      1      1      1      1      1      1      1
   GLUA0215      1      1      1      1      1      1      1      3      5      8      8
   LEUA0216      1      1      1      1      1      1      1      1      1      1      1
   VALA0217      1      1      1      1      1      1      1      1      1      1      1
   ALAA0218      1      1      1      1      1      1      1      1      1      1      1
   GLUA0219      1      1      1      1      1      1      1      3      5      8      8
   GLNA0220      1      1      1      1      1      1      1      1      1      1      1
   ALAA0221      1      1      1      1      1      1      1      1      1      1      1
   ASPA0222      1      1      1      1      1      1      1      3      5      8      8
   LEUA0223      1      1      1      1      1      1      1      1      1      1      1
   GLUA0224      1      1      1      1      1      1      1      3      5      7      7
   GLNA0225      1      1      1      1      1      1      1      1      1      1      1
   THRA0226      1      1      2      2      2      2      1      1      3      3      3
   PHEA0227      1      1      1      1      1      1      1      1      1      1      1
   ASNA0228      1      1      1      1      1      1      1      1      1      1      1
   PROA0229      1      1      1      1      1      1      1      1      1      1      1
   SERA0230      1      1      1      1      1      1      1      1      3      3      3
   ASPA0231      1      1      1      1      1      1      1      3      5     11     11
   PROA0232      1      1      1      1      1      1      1      1      1      1      1
   ASPA0233      1      1      1      1      1      1      1      3      5      8      8
   CYSA0234      1      1      1      1      1      1      1      2      4      6      6
   VALA0235      1      1      1      1      1      1      1      1      1      1      1
   ASPA0236      1      1      1      1      1      1      1      3      5      5      5
   ARGA0237      1      1      1      1      1      1      1      4      6     12     12
   LEUA0238      1      1      1      1      1      1      1      1      1      1      1
   LEUA0239      1      1      1      1      1      1      1      1      1      1      1
   GLNA0240      1      1      1      1      1      1      1      1      1      1      1
   CYSA0241      1      1      1      1      1      1      1      2      4      9      9
   THRA0242      1      1      2      2      2      2      1      1      3      4      4
   ARGA0243      1      1      1      1      1      1      1      4      6     11     11
   GLNA0244      1      1      1      1      1      1      1      1      1      2      2
   ALAA0245      1      1      1      1      1      1      1      1      1      1      1
   VALA0246      1      1      1      1      1      1      1      1      1      1      1
   PROA0247      1      1      1      1      1      1      1      1      1      1      1
   LEUA0248      1      1      1      1      1      1      1      1      1      1      1
   PHEA0249      1      1      1      1      1      1      1      1      1      1      1
   SERA0250      1      1      1      1      1      1      1      1      3      4      4
   GLNA0251      1      1      1      1      1      1      1      1      1      1      1
   ASNA0252      1      1      1      1      1      1      1      1      1      1      1
   VALA0253      1      1      1      1      1      1      1      1      1      1      1
   HISA0254      1      1      1      1      1      1      1      3      3      3      3
   SERA0255      1      1      1      1      1      1      1      1      3      4      4
   THRA0256      1      1      2      2      2      2      1      1      3      5      5
   ARGA0257      1      1      1      1      1      1      1      4      6      6      6
   PHEA0258      1      1      1      1      1      1      1      1      1      1      1
   VALA0259      1      1      1      1      1      1      1      1      1      1      1
   THRA0260      1      1      2      2      2      2      2      2      6     12      6
   TYRA0261      1      1      1      1      1      1      1      2      3      7      7
   PHEA0262      1      1      1      1      1      1      1      1      1      1      1
   CYSA0263      1      1      1      1      1      1      1      2      4      6      6
   GLUA0264      1      1      1      1      1      1      1      3      5     11     11
   GLNA0265      1      1      1      1      1      1      1      1      1      1      1
   VALA0266      1      1      1      1      1      1      1      1      1      1      1
   LEUA0267      1      1      1      1      1      1      1      1      1      1      1
   PROA0268      1      1      1      1      1      1      1      1      1      1      1
   ASNA0269      1      1      1      1      1      1      1      1      1      1      1
   LEUA0270      1      1      1      1      1      1      1      1      1      2      2
   GLYA0271      0      0      0      0      0      0      0      0      0      0      0
   THRA0272      1      1      2      2      2      2      2      2      6      6      3
   LEUA0273      1      1      1      1      1      1      1      1      1      1      1
   THRA0274      1      1      2      2      1      1      1      1      3      5      5
   THRA0275      1      1      2      2      2      2      2      2      6      7      3
   PROA0276      1      1      1      1      1      1      1      1      1      1      1
   CTRA0276      1      1      1      1      1      1      1      3      5      7      7
   NTGA0279      1      1      1      1      1      1      1      2      2      2      2
   GLYA0279      0      0      0      0      0      0      0      0      0      0      0
   LEUA0280      1      1      1      1      1      1      1      1      1      1      1
   ASPA0281      1      1      1      1      1      1      1      3      5     16     16
   ILEA0282      1      1      1      1      1      1      1      1      1      1      1
   GLNA0283      1      1      1      1      1      1      1      1      1      1      1
   LEUA0284      1      1      1      1      1      1      1      1      1      1      1
   GLUA0285      1      1      1      1      1      1      1      3      5     13     13
   VALA0286      1      1      1      1      1      1      1      1      1      1      1
   LEUA0287      1      1      1      1      1      1      1      1      1      1      1
   LYSA0288      1      1      1      1      1      1      1      2      4      8      8
   LEUA0289      1      1      1      1      1      1      1      1      1      1      1
   LEUA0290      1      1      1      1      1      1      1      1      1      1      1
   ALAA0291      1      1      1      1      1      1      1      1      1      1      1
   GLUA0292      1      1      1      1      1      1      1      3      5     11     11
   META0293      1      1      1      1      1      1      1      1      1      1      1
   SERA0294      1      1      1      1      1      1      1      1      3      6      6
   SERA0295      1      1      1      1      1      1      1      1      3      5      5
   PHEA0296      1      1      1      1      1      1      1      1      1      1      1
   CYSA0297      1      1      1      1      1      1      1      2      4      6      6
   GLYA0298      0      0      0      0      0      0      0      0      0      0      0
   ASPA0299      1      1      1      1      1      1      1      3      5      5      5
   META0300      1      1      1      1      1      1      1      1      1      1      1
   GLUA0301      1      1      1      1      1      1      1      3      5      5      5
   LYSA0302      1      1      1      1      1      1      1      2      4      7      7
   LEUA0303      1      1      1      1      1      1      1      1      1      1      1
   GLUA0304      1      1      1      1      1      1      1      3      5      5      5
   THRA0305      1      1      2      2      2      2      1      1      3      6      6
   ASNA0306      1      1      1      1      1      1      1      1      1      1      1
   LEUA0307      1      1      1      1      1      1      1      1      1      1      1
   ARGA0308      1      1      1      1      1      1      1      4      6      6      6
   LYSA0309      1      1      1      1      1      1      1      2      4      4      4
   LEUA0310      1      1      1      1      1      1      1      1      1      1      1
   PHEA0311      1      1      1      1      1      1      1      1      1      1      1
   ASPA0312      1      1      1      1      1      1      1      3      5     12     12
   LYSA0313      1      1      1      1      1      1      1      2      4      4      4
   LEUA0314      1      1      1      1      1      1      1      1      1      1      1
   LEUA0315      1      1      1      1      1      1      1      1      1      1      1
   GLUA0316      1      1      1      1      1      1      1      3      5     11     11
   TYRA0317      1      1      1      1      1      1      1      2      3      6      6
   META0318      1      1      1      1      1      1      1      1      1      1      1
   PROA0319      1      1      1      1      1      1      1      1      1      1      1
   LEUA0320      1      1      1      1      1      1      1      1      1      1      1
   PROA0321      1      1      1      1      1      1      1      1      1      1      1
   CTRA0321      1      1      1      1      1      1      1      3      5      7      7
   NTRA0337      1      1      1      1      1      1      1      2      4      4      4
   LYSA0337      1      1      1      1      1      1      1      2      4      4      4
   LEUA0338      1      1      1      1      1      1      1      1      1      1      1
   GLNA0339      1      1      1      1      1      1      1      1      1      2      2
   PHEA0340      1      1      1      1      1      1      1      1      1      1      1
   SERA0341      1      1      1      1      1      1      1      1      3      5      5
   TYRA0342      1      1      1      1      1      1      1      2      3      7      7
   VALA0343      1      1      1      1      1      1      1      1      1      1      1
   GLUA0344      1      1      1      1      1      1      1      3      5     29     29
   CYSA0345      1      1      1      1      1      1      1      2      4      7      7
   LEUA0346      1      1      1      1      1      1      1      1      1      1      1
   LEUA0347      1      1      1      1      1      1      1      1      1      1      1
   TYRA0348      1      1      1      1      1      1      1      2      3      7      7
   SERA0349      1      1      1      1      1      1      1      1      3      6      6
   PHEA0350      1      1      1      1      1      1      1      1      1      1      1
   HISA0351      1      1      1      1      1      1      1      3      3      3      3
   GLNA0352      1      1      1      1      1      1      1      1      1      1      1
   LEUA0353      1      1      1      1      1      1      1      1      1      1      1
   GLYA0354      0      0      0      0      0      0      0      0      0      0      0
   ARGA0355      1      1      1      1      1      1      1      4      6      6      6
   LYSA0356      1      1      1      1      1      1      1      2      4      4      4
   LEUA0357      1      1      1      1      1      1      1      1      1      1      1
   PROA0358      1      1      1      1      1      1      1      1      1      1      1
   ASPA0359      1      1      1      1      1      1      1      3      5      6      6
   PHEA0360      1      1      1      1      1      1      1      1      1      1      1
   LEUA0361      1      1      1      1      1      1      1      1      1      1      1
   THRA0362      1      1      2      2      2      2      2      2      6      8      3
   ALAA0363      1      1      1      1      1      1      1      1      1      1      1
   LYSA0364      1      1      1      1      1      1      1      2      4      4      4
   CTRA0364      1      1      1      1      1      1      1      3      5      7      7
   NTRA0367      1      1      1      1      1      1      1      2      4      4      4
   ALAA0367      1      1      1      1      1      1      1      1      1      1      1
   GLUA0368      1      1      1      1      1      1      1      3      5     14     14
   LYSA0369      1      1      1      1      1      1      1      2      4      4      4
   LEUA0370      1      1      1      1      1      1      1      1      1      1      1
   LYSA0371      1      1      1      1      1      1      1      2      4      4      4
   ASPA0372      1      1      1      1      1      1      1      3      5     11     11
   PHEA0373      1      1      1      1      1      1      1      1      1      1      1
   LYSA0374      1      1      1      1      1      1      1      2      4      4      4
   ILEA0375      1      1      1      1      1      1      1      1      1      1      1
   ARGA0376      1      1      1      1      1      1      1      4      6      6      6
   LEUA0377      1      1      1      1      1      1      1      1      1      1      1
   GLNA0378      1      1      1      1      1      1      1      1      1      1      1
   TYRA0379      1      1      1      1      1      1      1      2      3      6      6
   PHEA0380      1      1      1      1      1      1      1      1      1      1      1
   ALAA0381      1      1      1      1      1      1      1      1      1      1      1
   ARGA0382      1      1      1      1      1      1      1      4      6      6      6
   GLYA0383      0      0      0      0      0      0      0      0      0      0      0
   LEUA0384      1      1      1      1      1      1      1      1      1      1      1
   GLNA0385      1      1      1      1      1      1      1      1      1      1      1
   VALA0386      1      1      1      1      1      1      1      1      1      1      1
   TYRA0387      1      1      1      1      1      1      1      2      3      3      3
   ILEA0388      1      1      1      1      1      1      1      1      1      1      1
   ARGA0389      1      1      1      1      1      1      1      4      6      6      6
   GLNA0390      1      1      1      1      1      1      1      1      1      1      1
   LEUA0391      1      1      1      1      1      1      1      1      1      1      1
   ARGA0392      1      1      1      1      1      1      1      4      6      9      9
   LEUA0393      1      1      1      1      1      1      1      1      1      1      1
   ALAA0394      1      1      1      1      1      1      1      1      1      1      1
   LEUA0395      1      1      1      1      1      1      1      1      1      1      1
   GLNA0396      1      1      1      1      1      1      1      1      1      2      2
   GLYA0397      0      0      0      0      0      0      0      0      0      0      0
   LYSA0398      1      1      1      1      1      1      1      2      4      4      4
   THRA0399      1      1      2      2      2      2      1      1      3      4      4
   GLYA0400      0      0      0      0      0      0      0      0      0      0      0
   GLUA0401      1      1      1      1      1      1      1      3      5      9      9
   ALAA0402      1      1      1      1      1      1      1      1      1      1      1
   LEUA0403      1      1      1      1      1      1      1      1      1      1      1
   LYSA0404      1      1      1      1      1      1      1      2      4      8      8
   THRA0405      1      1      2      2      2      2      2      2      6      9      5
   GLUA0406      1      1      1      1      1      1      1      3      5     10     10
   GLUA0407      1      1      1      1      1      1      1      3      5     23     23
   ASNA0408      1      1      1      1      1      1      1      1      1      1      1
   LYSA0409      1      1      1      1      1      1      1      2      4      4      4
   ILEA0410      1      1      1      1      1      1      1      1      1      2      2
   LYSA0411      1      1      1      1      1      1      1      2      4      4      4
   VALA0412      1      1      1      1      1      1      1      1      1      1      1
   VALA0413      1      1      1      1      1      1      1      1      1      1      1
   ALAA0414      1      1      1      1      1      1      1      1      1      1      1
   LEUA0415      1      1      1      1      1      1      1      1      1      2      2
   LYSA0416      1      1      1      1      1      1      1      2      4      4      4
   ILEA0417      1      1      1      1      1      1      1      1      1      1      1
   THRA0418      1      1      2      2      2      2      1      1      3      4      4
   ASNA0419      1      1      1      1      1      1      1      1      1      1      1
   ASNA0420      1      1      1      1      1      1      1      1      1      1      1
   ILEA0421      1      1      1      1      1      1      1      1      1      1      1
   ASNA0422      1      1      1      1      1      1      1      1      1      1      1
   VALA0423      1      1      1      1      1      1      1      1      1      1      1
   LEUA0424      1      1      1      1      1      1      1      1      1      1      1
   ILEA0425      1      1      1      1      1      1      1      1      1      1      1
   LYSA0426      1      1      1      1      1      1      1      2      4      4      4
   ASPA0427      1      1      1      1      1      1      1      3      5      5      5
   LEUA0428      1      1      1      1      1      1      1      1      1      1      1
   PHEA0429      1      1      1      1      1      1      1      1      1      1      1
   CTRA0429      1      1      1      1      1      1      1      3      5      5      5
   NTRA0432      1      1      1      1      1      1      1      2      4      4      4
   PROA0432      1      1      1      1      1      1      1      1      1      1      1
   PROA0433      1      1      1      1      1      1      1      1      1      1      1
   SERA0434      1      1      1      1      1      1      1      1      3      4      4
   TYRA0435      1      1      1      1      1      1      1      2      3      4      4
   LYSA0436      1      1      1      1      1      1      1      2      4      4      4
   SERA0437      1      1      1      1      1      1      1      1      3      3      3
   THRA0438      1      1      2      2      2      2      1      1      3      6      6
   VALA0439      1      1      1      1      1      1      1      1      1      1      1
   THRA0440      1      1      2      2      2      2      2      2      6     11      6
   LEUA0441      1      1      1      1      1      1      1      1      1      1      1
   SERA0442      1      1      1      1      1      1      1      1      3      5      5
   TRPA0443      1      1      1      1      1      1      1      1      1      1      1
   LYSA0444      1      1      1      1      1      1      1      2      4      4      4
   PROA0445      1      1      1      1      1      1      1      1      1      1      1
   VALA0446      1      1      1      1      1      1      1      1      1      1      1
   CTRA0446      1      1      1      1      1      1      1      3      5      7      7
   Total       414    414    441    441    440    440    422    663   1033   1579   1540
